VERB	POSSESSION	INFORMATION	COMBAT	CREATION	EMOTION												
advise_about	0	1	0	0	0												
ask_for	0.25	0.5	0	0.25	0												
award_with	1	0	0	0	0												
bet	1	0	0	0	0												
borrow	1	0	0	0	0												
break_down	0	0	1	0	0												
buy	1	0	0	0	0												
carry	1	0	0	0	0												
create	0.25	0.25	0	0.5	0												
donate	0.6666666667	0	0	0	0.3333333333												
earn	1	0	0	0	0												
give	1	0	0	0	0												
hear	0	1	0	0	0												
hide	0	1	0	0	0												
inherit	0.6666666667	0.3333333333	0	0	0												
know	0	0.6666666667	0	0.3333333333	0												
lend	1	0	0	0	0												
look_at	0	1	0	0	0												
own	0.6666666667	0.3333333333	0	0	0												
pay_for	0.6666666667	0	0	0.3333333333	0												
present	0.3333333333	0.6666666667	0	0	0												
reach	1	0	0	0	0												
shelter	0	0	1	0	0												
suggest	0	0.6666666667	0	0.3333333333	0												
swing	0	0	1	0	0												
tell_about	0	1	0	0	0												
throw	0	0	1	0	0												
trust	0.5	0.25	0	0	0.25												
unveil	0.25	0.5	0	0.25	0												
warn_about	0	1	0	0	0												
work_on	0.25	0.25	0	0.5	0												
yearn	0.2	0.2	0	0.2	0.4												
																	
SUBJECT	WARRIOR	MAGE	EXILED	SCHOLASTIC	FOREST	PERFORMER	RURAL	WORKER	GOOD	BAD	WATER	NOBILITY	TROUBLESOME	UNDEAD			
acolyte	0.0909090909	0.1818181818	0.1818181818	0.1818181818	0.0909090909	0	0	0	0	0.1363636364	0	0	0.0454545455	0.0909090909			
actor	0	0	0	0.0833333333	0	0.3333333333	0	0	0.1666666667	0.1666666667	0	0.1666666667	0.0833333333	0			
adventurer	0.12	0	0.04	0	0.16	0	0.04	0.04	0.16	0.16	0.16	0	0.12	0			
alchemist	0	0.1818181818	0.0909090909	0.3636363636	0.0909090909	0	0.0909090909	0	0.1818181818	0	0	0	0	0			
amazon	0.4	0	0	0	0.2	0	0	0	0.2	0.2	0	0	0	0			
apothecary	0	0.1818181818	0	0.3636363636	0.1818181818	0	0.0909090909	0	0.1818181818	0	0	0	0	0			
archer	0.25	0	0	0	0.25	0	0.125	0	0.125	0.125	0.125	0	0	0			
artisan	0	0	0	0.25	0	0	0	0.5	0	0	0	0.25	0	0			
assassin	0.1176470588	0	0.0588235294	0.0588235294	0.1176470588	0	0	0	0	0.1764705882	0	0.2352941176	0.2352941176	0			
astrologer	0	0.2857142857	0.0714285714	0.2857142857	0	0	0	0	0.0714285714	0.1428571429	0	0.0714285714	0.0714285714	0			
astronomer	0	0	0	0.6666666667	0	0	0	0	0.3333333333	0	0	0	0	0			
baker	0	0	0	0	0	0	0.5	0.5	0	0	0	0	0	0			
barbarian	0.1666666667	0	0.0833333333	0	0.0833333333	0	0.1666666667	0.1666666667	0.0833333333	0.0833333333	0	0	0.1666666667	0			
bard	0	0	0	0.0833333333	0	0.3333333333	0	0	0.1666666667	0.1666666667	0	0.1666666667	0.0833333333	0			
barman	0	0	0	0	0	0	0.5	0.5	0	0	0	0	0	0			
baron	0.1818181818	0	0	0.0909090909	0	0	0	0	0.1818181818	0.1818181818	0	0.3636363636	0	0			
beggar	0	0	0.25	0	0	0	0.125	0	0.125	0.125	0	0	0.25	0.125			
beserker	0.3076923077	0	0	0	0.0769230769	0	0	0.0769230769	0.1538461538	0.1538461538	0	0	0.2307692308	0			
blacksmith	0.3333333333	0	0	0	0	0	0.3333333333	0.3333333333	0	0	0	0	0	0			
brewer	0	0	0	0	0	0	0.5	0.5	0	0	0	0	0	0			
buccaneer	0.1739130435	0	0.1739130435	0	0	0	0	0.0869565217	0.0434782609	0.1739130435	0.1739130435	0	0.1739130435	0			
builder	0	0	0	0	0	0	0.5	0.5	0	0	0	0	0	0			
butcher	0	0	0	0	0	0	0.5	0.5	0	0	0	0	0	0			
butler	0	0	0	0	0	0	0	0.6666666667	0	0	0	0.3333333333	0	0			
cannibal	0.1111111111	0.1111111111	0.2222222222	0	0.2222222222	0	0	0	0	0.2222222222	0	0	0	0.1111111111			
captain	0.3333333333	0	0	0	0	0	0	0	0.1666666667	0.1666666667	0	0.1666666667	0	0.1666666667			
carpenter	0	0	0	0	0	0	0.5	0.5	0	0	0	0	0	0			
centaur	0.2857142857	0	0.1428571429	0	0.1428571429	0	0	0.1428571429	0.1428571429	0.1428571429	0	0	0	0			
champion	0.2666666667	0.1333333333	0	0	0	0	0	0	0.2	0.1333333333	0.1333333333	0.1333333333	0	0			
chemist	0	0.125	0	0.5	0.125	0	0	0	0.25	0	0	0	0	0			
chieftain	0.1818181818	0.0909090909	0	0.0454545455	0.0909090909	0	0.0909090909	0	0.0909090909	0.0909090909	0.0909090909	0.1363636364	0.0454545455	0.0454545455			
cleric	0.0714285714	0.2857142857	0	0.2142857143	0	0	0	0	0.2857142857	0	0	0.1428571429	0	0			
commander	0.2857142857	0	0	0.0714285714	0	0	0	0	0.1428571429	0.1428571429	0.1428571429	0.1428571429	0	0.0714285714			
cooker	0	0	0	0	0	0	0	0.6666666667	0	0	0	0.3333333333	0	0			
corsair	0.2222222222	0	0	0	0	0	0	0.1111111111	0.1111111111	0.1111111111	0.2222222222	0.1111111111	0	0.1111111111			
counselor	0	0	0	0.3333333333	0	0	0	0	0.1666666667	0.1666666667	0	0.3333333333	0	0			
count	0	0	0	0.1111111111	0	0	0	0	0.2222222222	0.2222222222	0	0.4444444444	0	0			
crusader	0.3076923077	0	0	0.1538461538	0	0	0	0	0.3076923077	0	0	0.2307692308	0	0			
cultist	0.0909090909	0.1818181818	0.1818181818	0.1818181818	0.0909090909	0	0	0	0	0.1363636364	0	0	0.0454545455	0.0909090909			
cyclops	0.1818181818	0	0.1818181818	0	0.0909090909	0	0.1363636364	0.1363636364	0.0454545455	0.1818181818	0	0	0.0454545455	0			
dancer	0	0	0	0.0833333333	0	0.3333333333	0	0	0.1666666667	0.1666666667	0	0.1666666667	0.0833333333	0			
death_knight	0.3076923077	0.1538461538	0	0	0	0	0	0	0	0.3076923077	0	0	0	0.2307692308			
demigod	0.25	0.25	0.125	0	0	0	0	0	0.125	0.125	0	0.125	0	0			
demon	0.0833333333	0.1666666667	0.1666666667	0	0.0833333333	0	0	0	0	0.1666666667	0.0833333333	0.0833333333	0.1666666667	0			
divinator	0	0.2352941176	0.1176470588	0.1764705882	0.0588235294	0	0.0588235294	0	0.1176470588	0.1176470588	0	0	0.1176470588	0			
docker	0	0	0	0	0	0	0	0.3333333333	0.0833333333	0.0833333333	0.3333333333	0	0.0833333333	0.0833333333			
druid	0	0.2352941176	0.1176470588	0	0.2352941176	0	0.0588235294	0	0.1764705882	0.1176470588	0	0	0.0588235294	0			
dryad	0	0.2222222222	0	0	0.4444444444	0	0	0	0.2222222222	0.1111111111	0	0	0	0			
duke	0	0	0	0.1111111111	0	0	0	0	0.2222222222	0.2222222222	0	0.4444444444	0	0			
dwarf	0.2666666667	0	0	0	0	0	0.2666666667	0.2666666667	0	0	0	0.1333333333	0.0666666667	0			
elf	0.125	0.0625	0.0625	0.125	0.125	0.0625	0.0625	0.0625	0.0625	0.0625	0.0625	0.0625	0.0625	0			
emissary	0	0	0	0.3333333333	0	0	0	0	0.1666666667	0.1666666667	0	0.3333333333	0	0			
emperor	0	0	0	0.1666666667	0	0	0	0	0.1666666667	0.1666666667	0	0.3333333333	0	0.1666666667			
enchanter	0	0.2857142857	0	0.2142857143	0.0714285714	0	0	0	0.1428571429	0.1428571429	0	0.0714285714	0	0.0714285714			
engineer	0	0	0	0.5	0	0	0	0.5	0	0	0	0	0	0			
ent	0	0	0	0	1	0	0	0	0	0	0	0	0	0			
executioner	0.3636363636	0	0	0	0	0	0	0	0.1818181818	0.3636363636	0	0	0	0.0909090909			
exorcist	0.0666666667	0.2666666667	0.0666666667	0.2	0	0	0	0	0.2666666667	0.0666666667	0	0.0666666667	0	0			
explorer	0.125	0	0.125	0.125	0.125	0	0	0	0	0	0.25	0.125	0.125	0			
fairy	0	0.4	0	0	0.4	0	0	0	0.2	0	0	0	0	0			
farmer	0.0909090909	0	0	0	0.0909090909	0	0.3636363636	0.3636363636	0	0	0	0	0.0909090909	0			
farseer	0	0.2352941176	0.1176470588	0.1764705882	0.0588235294	0	0.0588235294	0	0.1176470588	0.1176470588	0	0	0.1176470588	0			
fighter	0.4	0	0	0	0	0	0	0.1	0.2	0.2	0	0	0	0.1			
fisherman	0	0	0	0	0	0	0.5	0.5	0	0	0	0	0	0			
footman	0.4	0	0	0	0.1	0	0	0.1	0.2	0.2	0	0	0	0			
gambler	0	0	0	0.1428571429	0	0	0	0	0.1428571429	0.1428571429	0	0	0.5714285714	0			
gardener	0	0	0	0	0	0	0	0.6666666667	0	0	0	0.3333333333	0	0			
general	0.2666666667	0	0	0.1333333333	0	0	0	0	0.1333333333	0.1333333333	0	0.2	0	0.1333333333			
ghost	0	0.1	0.2	0	0.1	0.1	0	0	0.1	0.1	0.1	0	0	0.2			
ghoul	0.0666666667	0	0.2666666667	0	0.1333333333	0	0	0	0	0.2666666667	0	0	0	0.2666666667			
gladiator	0.4	0	0	0	0	0	0	0	0.2	0.2	0	0	0.2	0			
gnome	0	0	0	0	0.25	0	0.25	0	0.25	0.25	0	0	0	0			
goblin	0.0833333333	0.0833333333	0.1666666667	0	0.0833333333	0	0	0.1666666667	0	0.1666666667	0.0833333333	0	0.1666666667	0			
goldsmith	0	0	0	0.25	0	0	0	0.5	0	0	0	0.25	0	0			
golem	0	0	0	0	0.5	0	0	0	0.25	0.25	0	0	0	0			
gravedigger	0	0	0	0	0	0	0.4	0.4	0	0	0	0	0	0.2			
guard	0.5	0	0	0	0	0	0	0	0.25	0.25	0	0	0	0			
guardian	0.3333333333	0.0833333333	0	0	0	0	0	0	0.1666666667	0.1666666667	0	0.1666666667	0	0.0833333333			
haunt	0	0.0952380952	0.1904761905	0	0.0952380952	0.0952380952	0	0	0.0952380952	0.1428571429	0.0952380952	0	0	0.1904761905			
healer	0.0714285714	0.1428571429	0	0.2857142857	0.1428571429	0	0.1428571429	0	0.2142857143	0	0	0	0	0			
herbalist	0	0.0714285714	0.1428571429	0.2857142857	0.1428571429	0	0.2142857143	0	0.1428571429	0	0	0	0	0			
hermit	0	0.1153846154	0.1538461538	0.1538461538	0.1153846154	0	0.1153846154	0	0.0769230769	0.0769230769	0	0	0.1538461538	0.0384615385			
hero	0.2222222222	0.1111111111	0.1111111111	0.0555555556	0	0	0	0	0.2222222222	0.0555555556	0.1111111111	0.0555555556	0.0555555556	0			
hobbit	0.0454545455	0	0.0454545455	0.0454545455	0.0909090909	0.1818181818	0.1818181818	0.1818181818	0.0909090909	0.0454545455	0	0	0.0909090909	0			
hunter	0.25	0	0	0	0.25	0	0.25	0	0.125	0.125	0	0	0	0			
ifrit	0	0.3333333333	0	0	0	0	0	0	0	0.3333333333	0	0.3333333333	0	0			
illusionist	0	0.3333333333	0	0	0	0	0	0	0.1666666667	0.1666666667	0	0.0833333333	0.25	0			
imp	0	0.1428571429	0.2857142857	0	0	0	0	0	0	0.2857142857	0	0	0.2857142857	0			
inventor	0	0	0	0.5	0	0	0	0.5	0	0	0	0	0	0			
invoker	0	0.3076923077	0	0	0.0769230769	0	0	0	0.1538461538	0.1538461538	0	0.1538461538	0.0769230769	0.0769230769			
jin	0	0.3333333333	0	0	0	0	0	0	0.1666666667	0.1666666667	0	0.3333333333	0	0			
joker	0	0	0	0.0833333333	0	0.3333333333	0	0	0.1666666667	0.1666666667	0	0.1666666667	0.0833333333	0			
judge	0	0	0	0.3333333333	0	0	0	0	0.2222222222	0.2222222222	0	0.2222222222	0	0			
king	0	0	0	0.1666666667	0	0	0	0	0.1666666667	0.1666666667	0	0.3333333333	0	0.1666666667			
knight	0.2857142857	0	0	0.0714285714	0	0	0	0	0.1428571429	0.1428571429	0	0.2142857143	0	0.1428571429			
kraken	0	0	0	0	0	0	0	0	0	0	1	0	0	0			
landlord	0.1818181818	0	0	0.0909090909	0	0	0	0	0.1818181818	0.1818181818	0	0.3636363636	0	0			
lawyer	0	0	0	0.3333333333	0	0	0	0	0.2222222222	0.2222222222	0	0.2222222222	0	0			
leader	0.2666666667	0.1333333333	0	0.0666666667	0	0	0	0	0.1333333333	0.1333333333	0.1333333333	0.0666666667	0	0.0666666667			
legionary	0.5	0	0	0	0	0	0	0	0.25	0.25	0	0	0	0			
leper	0	0	0.25	0	0	0	0.125	0	0.125	0.125	0	0	0.25	0.125			
leprechaun	0	0.3333333333	0	0	0.1666666667	0	0.1666666667	0	0.1666666667	0.1666666667	0	0	0	0			
leviathan	0	0	0	0	0	0	0	0	0	0	1	0	0	0			
librarian	0	0	0	0.6666666667	0	0	0	0	0.3333333333	0	0	0	0	0			
light_house_keeper	0	0	0	0	0	0	0.3333333333	0.3333333333	0	0	0.3333333333	0	0	0			
locksmith	0	0	0	0	0	0	0.5	0.5	0	0	0	0	0	0			
longshoreman	0	0	0	0	0	0	0	0.3333333333	0.0833333333	0.0833333333	0.3333333333	0	0.0833333333	0.0833333333			
lord	0.1538461538	0	0	0.0769230769	0	0	0	0	0.1538461538	0.1538461538	0	0.3076923077	0	0.1538461538			
lumberjack	0.0769230769	0	0	0	0.3076923077	0	0.3076923077	0.3076923077	0	0	0	0	0	0			
mage	0	0.2666666667	0	0.2666666667	0	0	0	0	0.1333333333	0.1333333333	0	0.1333333333	0	0.0666666667			
maiden	0	0	0	0.0909090909	0	0	0	0	0.1818181818	0.1818181818	0	0.3636363636	0	0.1818181818			
mason	0	0	0	0	0	0	0.5	0.5	0	0	0	0	0	0			
mercenary	0.2666666667	0	0.1333333333	0	0.1333333333	0	0	0	0.1333333333	0.1333333333	0	0	0.2	0			
merchant	0.3333333333	0	0	0	0	0	0	0.6666666667	0	0	0	0	0	0			
mermaid	0	0.25	0	0	0	0	0	0	0.125	0.125	0.5	0	0	0			
messenger	0	0	0	0.2	0	0	0	0	0.2	0.2	0	0.4	0	0			
miller	0	0	0	0	0.1111111111	0	0.4444444444	0.4444444444	0	0	0	0	0	0			
mimic	0	0	0	0	0	0.5	0	0	0.25	0.25	0	0	0	0			
miner	0	0	0	0	0	0	0.5	0.5	0	0	0	0	0	0			
minister	0	0	0	0.2727272727	0	0	0	0	0.1818181818	0.1818181818	0	0.3636363636	0	0			
minotaur	0.25	0	0.5	0	0	0	0	0	0	0.25	0	0	0	0			
minstrel	0	0	0	0.0833333333	0	0.3333333333	0	0	0.1666666667	0.1666666667	0	0.1666666667	0.0833333333	0			
monk	0.0833333333	0.0833333333	0.25	0.3333333333	0	0	0	0	0.25	0	0	0	0	0			
mummy	0	0.0714285714	0.2857142857	0	0	0	0	0	0.1428571429	0.2142857143	0	0	0	0.2857142857			
musician	0	0	0	0.1538461538	0	0.3076923077	0	0	0.1538461538	0.1538461538	0	0.1538461538	0.0769230769	0			
naga	0	0.25	0	0	0	0	0	0	0.125	0.125	0.5	0	0	0			
necromancer	0	0.2	0.1	0.2	0	0	0	0	0.05	0.2	0	0.05	0	0.2			
ninja	0.3636363636	0	0.1818181818	0	0	0	0	0	0.0909090909	0.1818181818	0	0.0909090909	0.0909090909	0			
noble	0.1666666667	0	0	0.1666666667	0	0	0	0	0.1666666667	0.1666666667	0	0.3333333333	0	0			
nymph	0	0.1666666667	0	0	0.3333333333	0	0	0	0.0833333333	0.0833333333	0.3333333333	0	0	0			
oarsman	0	0	0	0	0	0	0	0.3333333333	0.0833333333	0.0833333333	0.3333333333	0	0.0833333333	0.0833333333			
occultist	0.0909090909	0.1818181818	0.1818181818	0.1818181818	0.0909090909	0	0	0	0	0.1363636364	0	0	0.0454545455	0.0909090909			
ogre	0.1818181818	0	0.3636363636	0	0.1818181818	0	0	0	0.0909090909	0.1818181818	0	0	0	0			
orc	0.2	0	0.1	0	0.1	0	0.1	0.1	0.05	0.2	0.05	0	0.1	0			
overlord	0.1538461538	0	0	0.0769230769	0	0	0	0	0.1538461538	0.1538461538	0	0.3076923077	0	0.1538461538			
paladin	0.2666666667	0.1333333333	0	0.1333333333	0	0	0	0	0.2666666667	0	0	0.2	0	0			
peasant	0.0909090909	0	0	0	0.0909090909	0	0.3636363636	0.3636363636	0	0	0	0	0.0909090909	0			
phalanx	0.5	0	0	0	0	0	0	0	0.25	0.25	0	0	0	0			
phantom	0	0.1	0.2	0	0.1	0.1	0	0	0.1	0.1	0.1	0	0	0.2			
pharaoh	0	0	0	0.2307692308	0	0	0	0	0.1538461538	0.1538461538	0	0.3076923077	0	0.1538461538			
philosopher	0	0	0.25	0.5	0	0	0	0	0.25	0	0	0	0	0			
pirate	0.0454545455	0	0.1818181818	0	0	0	0	0.0909090909	0.0454545455	0.1818181818	0.1818181818	0	0.1818181818	0.0909090909			
poet	0	0	0	0.2142857143	0	0.2857142857	0	0	0.1428571429	0.1428571429	0	0.1428571429	0.0714285714	0			
possession	0	0.1111111111	0.2222222222	0	0.1111111111	0	0	0	0.1111111111	0.1666666667	0	0	0.0555555556	0.2222222222			
potter	0	0	0	0.1428571429	0	0	0	0.5714285714	0	0	0	0.2857142857	0	0			
priest	0	0.3076923077	0	0.2307692308	0	0	0	0	0.3076923077	0	0	0.1538461538	0	0			
princess	0	0	0	0.1666666667	0	0	0	0	0.1666666667	0.1666666667	0	0.3333333333	0	0.1666666667			
prophet	0	0.2222222222	0.1111111111	0.2222222222	0.0555555556	0	0.0555555556	0	0.1111111111	0.1111111111	0	0	0.1111111111	0			
puppet_master	0	0	0	0.0833333333	0	0.3333333333	0	0	0.1666666667	0.1666666667	0	0.1666666667	0.0833333333	0			
queen	0	0	0	0.1666666667	0	0	0	0	0.1666666667	0.1666666667	0	0.3333333333	0	0.1666666667			
raider	0.1818181818	0	0.1818181818	0	0.0909090909	0	0.1818181818	0	0	0.1818181818	0	0	0.1818181818	0			
ranger	0.25	0	0	0	0.25	0	0.25	0	0.125	0.125	0	0	0	0			
rider	0.3076923077	0	0	0	0	0	0.1538461538	0	0.1538461538	0.1538461538	0	0.1538461538	0	0.0769230769			
rogue	0.2222222222	0	0.1111111111	0	0.2222222222	0	0.2222222222	0	0.1111111111	0.1111111111	0	0	0	0			
ronin	0.2857142857	0	0.2857142857	0.0714285714	0	0	0	0	0.1428571429	0.1428571429	0	0.0714285714	0	0			
rower	0	0	0	0	0	0	0	0.3333333333	0.0833333333	0.0833333333	0.3333333333	0	0.0833333333	0.0833333333			
sage	0	0.0909090909	0.1818181818	0.3636363636	0.1818181818	0	0	0	0.1818181818	0	0	0	0	0			
sailor	0	0	0	0	0	0	0	0.3333333333	0.0833333333	0.0833333333	0.3333333333	0	0.0833333333	0.0833333333			
samurai	0.3076923077	0	0	0.0769230769	0	0	0	0	0.2307692308	0.1538461538	0	0.2307692308	0	0			
satire	0	0	0.2	0	0.4	0	0	0	0.2	0.2	0	0	0	0			
scholar	0	0	0	0.5	0	0	0	0	0.25	0	0.25	0	0	0			
scout	0.0769230769	0	0	0	0	0	0	0.3076923077	0.0769230769	0.0769230769	0.3076923077	0	0.0769230769	0.0769230769			
sculptor	0	0	0	0.25	0	0	0	0.5	0	0	0	0.25	0	0			
seaman	0	0	0	0	0	0	0	0.3333333333	0.0833333333	0.0833333333	0.3333333333	0	0.0833333333	0.0833333333			
seller	0.3333333333	0	0	0	0	0	0	0.6666666667	0	0	0	0	0	0			
senator	0	0	0	0.2727272727	0	0	0	0	0.1818181818	0.1818181818	0	0.3636363636	0	0			
sentinel	0.2857142857	0.0714285714	0	0	0	0	0	0	0.1428571429	0.1428571429	0.1428571429	0.1428571429	0	0.0714285714			
serf	0	0	0	0	0	0	0.4	0.4	0	0	0	0	0.1	0.1			
shaman	0	0.2857142857	0	0	0.2857142857	0	0.1428571429	0	0.1428571429	0.1428571429	0	0	0	0			
shepherd	0	0	0	0	0.1111111111	0	0.4444444444	0.4444444444	0	0	0	0	0	0			
singer	0	0	0	0.0833333333	0	0.3333333333	0	0	0.1666666667	0.1666666667	0	0.1666666667	0.0833333333	0			
siren	0	0.25	0	0	0	0	0	0	0.125	0.125	0.5	0	0	0			
skeleton	0.2105263158	0.0526315789	0.2105263158	0	0.1052631579	0	0	0	0	0.2105263158	0	0	0	0.2105263158			
slave	0	0	0	0	0	0	0.3076923077	0.3076923077	0	0	0	0	0.3076923077	0.0769230769			
slayer	0.2666666667	0	0.1333333333	0	0.1333333333	0	0.1333333333	0	0.2	0.1333333333	0	0	0	0			
sorcerer	0	0.4	0	0	0	0	0	0	0.2	0.2	0	0.1	0	0.1			
spirit	0	0.1	0.2	0	0.1	0.1	0	0	0.1	0.1	0.1	0	0	0.2			
spy	0.0526315789	0	0	0.2105263158	0.1052631579	0	0	0	0.0526315789	0.1578947368	0	0.2105263158	0.2105263158	0			
stearsman	0	0	0	0	0	0	0	0.3333333333	0.0833333333	0.0833333333	0.3333333333	0	0.0833333333	0.0833333333			
succubus	0.1428571429	0.2857142857	0	0	0	0.2857142857	0	0	0	0.2857142857	0	0	0	0			
sultan	0	0	0	0.2	0	0	0	0	0.2	0.2	0	0.4	0	0			
summoner	0	0.2666666667	0	0.2	0.1333333333	0	0	0	0.1333333333	0.1333333333	0	0.0666666667	0	0.0666666667			
tailor	0	0	0	0	0	0	0	0.6666666667	0	0	0	0.3333333333	0	0			
taster	0	0	0	0.2	0	0	0	0	0.2	0.2	0	0.4	0	0			
tavern_keeper	0	0	0	0	0	0	0.5	0.5	0	0	0	0	0	0			
tax_collector	0	0	0	0.25	0	0	0	0	0.25	0.25	0	0.25	0	0			
templar	0.2666666667	0.1333333333	0	0.1333333333	0	0	0	0	0.2666666667	0	0	0.2	0	0			
thief	0.1	0	0	0	0.2	0	0	0	0	0.3	0	0	0.4	0			
trapper	0.125	0	0	0	0.25	0	0.25	0.125	0.125	0.125	0	0	0	0			
traveler	0.125	0	0.125	0.125	0.125	0	0	0	0	0	0.25	0.125	0.125	0			
triton	0	0.25	0	0	0	0	0	0	0.125	0.125	0.5	0	0	0			
troll	0	0	0	0	0.5	0	0	0	0.25	0.25	0	0	0	0			
troubadour	0	0	0	0.1538461538	0	0.3076923077	0	0	0.1538461538	0.1538461538	0	0.1538461538	0.0769230769	0			
tutor	0	0	0	0.2	0	0	0	0	0.2	0.2	0	0.4	0	0			
valkyrie	0.3333333333	0.0833333333	0	0	0	0	0	0	0.3333333333	0	0	0.25	0	0			
vampire	0.1290322581	0.1290322581	0.1290322581	0.0967741935	0.064516129	0.064516129	0	0	0.064516129	0.0967741935	0	0.064516129	0.0322580645	0.1290322581			
ventriloquist	0	0	0	0.0833333333	0	0.3333333333	0	0	0.1666666667	0.1666666667	0	0.1666666667	0.0833333333	0			
villain	0.1	0	0.1	0.1	0.1	0	0	0	0	0.2	0	0.2	0.2	0			
viscount	0	0	0	0.2	0	0	0	0	0.2	0.2	0	0.4	0	0			
warlock	0.1666666667	0.3333333333	0	0	0	0	0	0	0.1666666667	0.1666666667	0	0.0833333333	0	0.0833333333			
warrior	0.3333333333	0	0	0	0	0	0	0	0.1666666667	0.1666666667	0.0833333333	0.1666666667	0	0.0833333333			
werewolf	0.1428571429	0	0.1428571429	0	0.1428571429	0	0	0	0.1428571429	0.1428571429	0	0	0.2857142857	0			
witch	0	0.2105263158	0.1052631579	0.1052631579	0.1052631579	0	0.0526315789	0	0.1052631579	0.2105263158	0	0.0526315789	0	0.0526315789			
wizard	0	0.3076923077	0	0.2307692308	0	0	0	0	0.1538461538	0.1538461538	0	0.0769230769	0	0.0769230769			
zombie	0.2222222222	0	0.2222222222	0	0.1111111111	0	0	0	0	0.2222222222	0	0	0	0.2222222222			
																	
OBJECT	JEWELRY	WEAPON	TOOL	METAL	INNOCUOUS	WOODEN	ENVASEMENT	FRUIT	FOOD	TEXTILE	LIQUID	ROCK	BIG_OBJECT	WRITING_TOOL	SCRIPTORIUM	BONE	BODY_PART
abacus	0	0	0.1538461538	0.0769230769	0.1538461538	0.3076923077	0	0	0	0	0	0	0	0	0.3076923077	0	0
amulet	0.5	0	0	0.5	0	0	0	0	0	0	0	0	0	0	0	0	0
anchor	0	0	0.2	0.4	0.4	0	0	0	0	0	0	0	0	0	0	0	0
antidote	0	0	0	0	0	0	0	0.1818181818	0.1818181818	0	0.3636363636	0	0	0	0.2727272727	0	0
anvil	0	0	0.2	0.8	0.8	-0.8	0	0	0	0	0	0	0	0	0	0	0
apple	0	0	0	0	0	0	0	0.6666666667	0.3333333333	0	0	0	0	0	0	0	0
apron	0	0	0	0	0.5	0	0	0	0	0.5	0	0	0	0	0	0	0
armor	0.0769230769	0.3076923077	0	0.3076923077	0	0	0	0	0	0	0	0	0	0	0	0.3076923077	0
arrow	0	0.5	0	0.25	0	0.25	0	0	0	0	0	0	0	0	0	0	0
axe	0	0.3333333333	0.3333333333	0.1666666667	0	0.1666666667	0	0	0	0	0	0	0	0	0	0	0
bag	0	0	0	0	0.5	0	0	0	0	0.5	0	0	0	0	0	0	0
battering_ram	0	0	0	0.1666666667	0.3333333333	0.1666666667	0	0	0	0	0	0	0.3333333333	0	0	0	0
beer	0	0	0	0	0.1428571429	0	0.2857142857	0.1428571429	0.1428571429	0	0.2857142857	0	0	0	0	0	0
belt	0.3333333333	0	0	0.6666666667	0	0	0	0	0	0	0	0	0	0	0	0	0
blade	0.0769230769	0.3076923077	0.3076923077	0.3076923077	0	0	0	0	0	0	0	0	0	0	0	0	0
boots	0	0.2	0	0.4	0	0	0	0	0	0.4	0	0	0	0	0	0	0
bottle	0.0454545455	0	0	0.0909090909	0.1818181818	0.0909090909	0.1818181818	0.0909090909	0.0909090909	0	0.1818181818	0	0	0	0.0454545455	0	0
bow	0.1111111111	0.4444444444	0	0	0	0.4444444444	0	0	0	0	0	0	0	0	0	0	0
bracelet	0.1428571429	0	0	0.2857142857	0.2857142857	0	0	0	0	0	0	0	0	0	0	0.2857142857	0
bread	0	0	0	0	0	0	0	0	1	0	0	0	0	0	0	0	0
brew	0	0	0	0	0	0	0	0.2	0.2	0	0.4	0	0	0	0.2	0	0
broom	0	0	0.3333333333	0	0.3333333333	0.3333333333	0	0	0	0	0	0	0	0	0	0	0
brush	0	0	0.3333333333	0	0.3333333333	0.3333333333	0	0	0	0	0	0	0	0	0	0	0
bucket	0	0	0	0.0909090909	0.1818181818	0.1818181818	0.1818181818	0.0909090909	0.0909090909	0	0.1818181818	0	0	0	0	0	0
candelabrum	0.5	0	0	0.5	0	0	0	0	0	0	0	0	0	0	0	0	0
candle	0	0	0	0	0.5	0	0	0	0	0	0	0	0	0	0.5	0	0
canoe	0	0	0	0.1666666667	0.3333333333	0.1666666667	0	0	0	0	0	0	0.3333333333	0	0	0	0
cape	0	0	0	0	0	0	0	0	0	1	0	0	0	0	0	0	0
carrot	0	0	0	0	0	0	0	0	1	0	0	0	0	0	0	0	0
cart	0	0	0	0.1666666667	0.3333333333	0.1666666667	0	0	0	0	0	0	0.3333333333	0	0	0	0
carving	0.25	0	0	0.125	0	0.125	0	0	0	0	0	0.25	0	0	0	0.25	0
catapult	0	0	0	0.1666666667	0.3333333333	0.1666666667	0	0	0	0	0	0	0.3333333333	0	0	0	0
cauldron	0	0	0	0.1904761905	0.0952380952	0	0.1904761905	0.0952380952	0.0952380952	0	0.1904761905	0	0	0	0.1428571429	0	0
chains	0	0	0.5	0.5	0	0	0	0	0	0	0	0	0	0	0	0	0
chariot	0	0	0	0.1666666667	0.3333333333	0.1666666667	0	0	0	0	0	0	0.3333333333	0	0	0	0
chest	0.1428571429	0	0	0.1428571429	0.2857142857	0.1428571429	0	0	0	0	0	0	0	0	0	0.2857142857	0
circlet	0.5	0	0	0.5	0	0	0	0	0	0	0	0	0	0	0	0	0
claw	0.1904761905	0.0952380952	0.0952380952	0.1904761905	0	0.0476190476	0	0	0	0	0	0	0	0	0	0.1904761905	0.1904761905
cleaver	0	0.25	0.25	0.125	0.25	0.125	0	0	0	0	0	0	0	0	0	0	0
clothes	0	0	0	0	0.5	0	0	0	0	0.5	0	0	0	0	0	0	0
club	0	0.25	0	0.125	0.25	0.125	0	0	0	0	0	0	0	0	0	0.25	0
coat	0	0	0	0.3333333333	0.3333333333	0	0	0	0	0.3333333333	0	0	0	0	0	0	0
coffin	0.1428571429	0	0	0.1428571429	0.2857142857	0.1428571429	0	0	0	0	0	0	0	0	0	0.2857142857	0
coin	0	0	0	1	0	0	0	0	0	0	0	0	0	0	0	0	0
compass	0.25	0	0	0.5	0	0.25	0	0	0	0	0	0	0	0	0	0	0
crown	0.5	0	0	0.5	0	0	0	0	0	0	0	0	0	0	0	0	0
crutch	0	0	0	0.25	0.5	0.25	0	0	0	0	0	0	0	0	0	0	0
cup	0	0	0	0.0952380952	0.1904761905	0.0952380952	0.1904761905	0.0952380952	0.0952380952	0	0.1904761905	0	0	0	0.0476190476	0	0
cymbal	0	0	0	1	0	0	0	0	0	0	0	0	0	0	0	0	0
dagger	0.0769230769	0.3076923077	0	0.3076923077	0	0	0	0	0	0	0	0	0	0	0	0.3076923077	0
diagram	0	0	0	0	0	0	0	0	0	0.3333333333	0	0	0	0.3333333333	0.3333333333	0	0
dice	0	0	0	0	0.5	0.5	0	0	0	0	0	0	0	0	0	0	0
drink	0	0	0	0	0	0	0	0.2222222222	0.2222222222	0	0.4444444444	0	0	0	0.1111111111	0	0
drum	0.2	0	0	0	0	0.8	0	0	0	0	0	0	0	0	0	0	0
egg	0	0	0	0	0	0	0	0	1	0	0	0	0	0	0	0	0
elixir	0	0	0	0	0	0	0	0.1818181818	0.1818181818	0	0.3636363636	0	0	0	0.2727272727	0	0
engine	0	0	0	0.25	0.5	0.25	0	0	0	0	0	0	0	0	0	0	0
extract	0	0	0	0	0	0	0	0.1818181818	0.1818181818	0	0.3636363636	0	0	0	0.2727272727	0	0
eye_patch	0	0	0	0	0.5	0	0	0	0	0.5	0	0	0	0	0	0	0
fan	0	0	0	0.2	0.4	0	0	0	0	0.4	0	0	0	0	0	0	0
fang	0	0	0	0	0	0	0	0	0	0	0	0	0	0	0	0.5	0.5
feather	0	0	0.3333333333	0	0	0	0	0	0	0	0	0	0	0.3333333333	0.3333333333	0	0
fish	0	0	0	0	0	0	0	0	1	0	0	0	0	0	0	0	0
fishing_net	0	0	0	0	0.4444444444	0	0	0	0.1111111111	0.4444444444	0	0	0	0	0	0	0
fishing_rod	0	0	0.3076923077	0	0.3076923077	0.3076923077	0	0	0.0769230769	0	0	0	0	0	0	0	0
flail	0	0.5	0	0.5	0	0	0	0	0	0	0	0	0	0	0	0	0
flask	0.0434782609	0	0	0.0869565217	0.1739130435	0.0869565217	0.1739130435	0.0869565217	0.0869565217	0	0.1739130435	0	0	0	0.0869565217	0	0
flute	0.2	0	0	0	0	0.8	0	0	0	0	0	0	0	0	0	0	0
flying_carpet	0.25	0	0.25	0	0	0	0	0	0	0.5	0	0	0	0	0	0	0
fork	0	0	0.3333333333	0.1666666667	0.3333333333	0.1666666667	0	0	0	0	0	0	0	0	0	0	0
gem	0.5	0	0	0.5	0	0	0	0	0	0	0	0	0	0	0	0	0
girdle	0.3333333333	0	0	0.6666666667	0	0	0	0	0	0	0	0	0	0	0	0	0
globe	0.5	0	0	0.5	0	0	0	0	0	0	0	0	0	0	0	0	0
gloves	0	0	0	0.3333333333	0	0	0	0	0	0.6666666667	0	0	0	0	0	0	0
goblet	0.0384615385	0	0	0.0769230769	0.0769230769	0.0769230769	0.1538461538	0.0769230769	0.0769230769	0	0.1538461538	0	0	0	0.1153846154	0.1538461538	0
gravestone	0	0	0	0	0	0	0	0	0	0	0	1	0	0	0	0	0
grimoire	0	0	0	0	0	0	0	0	0	0.3333333333	0	0	0	0.3333333333	0.3333333333	0	0
guillotine	0	0	0	0.1666666667	0.3333333333	0.1666666667	0	0	0	0	0	0	0.3333333333	0	0	0	0
guitar	0	0	0	0.5	0	0.5	0	0	0	0	0	0	0	0	0	0	0
gun	0	0.3333333333	0	0.3333333333	0.3333333333	0	0	0	0	0	0	0	0	0	0	0	0
halberd	0	0.5	0	0.25	0	0.25	0	0	0	0	0	0	0	0	0	0	0
hammer	0	0.3333333333	0.3333333333	0.1666666667	0	0.1666666667	0	0	0	0	0	0	0	0	0	0	0
handcuffs	0	0	0	1	0	0	0	0	0	0	0	0	0	0	0	0	0
harp	0.2	0	0	0	0	0.8	0	0	0	0	0	0	0	0	0	0	0
helmet	0.3333333333	0	0	0.6666666667	0	0	0	0	0	0	0	0	0	0	0	0	0
herb	0	0	0	0	0	0	0	0	1	0	0	0	0	0	0	0	0
honeycomb	0	0	0	0	0	0	0	0.6666666667	0.3333333333	0	0	0	0	0	0	0	0
hook	0.1666666667	0.1666666667	0.3333333333	0.1666666667	0	0.1666666667	0	0	0	0	0	0	0	0	0	0	0
horn	0.1904761905	0	0.0952380952	0.1904761905	0	0.0476190476	0.0952380952	0	0	0	0	0	0	0	0	0.1904761905	0.1904761905
horseshoe	0	0	0	0.5	0.5	0	0	0	0	0	0	0	0	0	0	0	0
hourglass	0.2	0	0	0	0	0.4	0	0	0	0	0	0	0	0	0.4	0	0
hydromel	0	0	0	0	0	0	0	0.25	0.25	0	0.5	0	0	0	0	0	0
idol	0.5	0	0	0.5	0	0	0	0	0	0	0	0	0	0	0	0	0
ingot	0	0	0	0.5	0.5	0	0	0	0	0	0	0	0	0	0	0	0
jar	0	0	0	0.0952380952	0.1904761905	0.0952380952	0.1904761905	0.0952380952	0.0952380952	0	0.1904761905	0	0	0	0.0476190476	0	0
javelin	0	0.3333333333	0	0.1666666667	0.3333333333	0.1666666667	0	0	0	0	0	0	0	0	0	0	0
jewel	0.5	0	0	0.5	0	0	0	0	0	0	0	0	0	0	0	0	0
jug	0	0	0	0.0952380952	0.1904761905	0.0952380952	0.1904761905	0.0952380952	0.0952380952	0	0.1904761905	0	0	0	0.0476190476	0	0
kayak	0	0	0	0.1666666667	0.3333333333	0.1666666667	0	0	0	0	0	0	0.3333333333	0	0	0	0
key	0	0	0	0.5	0.5	0	0	0	0	0	0	0	0	0	0	0	0
kite	0	0	0	0	0.5	0	0	0	0	0.5	0	0	0	0	0	0	0
knife	0.0555555556	0.2222222222	0.2222222222	0.2222222222	0.0555555556	0	0	0	0	0	0	0	0	0	0	0.2222222222	0
lamp	0	0	0	1	0	0	0	0	0	0	0	0	0	0	0	0	0
lance	0	0.5	0	0.25	0	0.25	0	0	0	0	0	0	0	0	0	0	0
leaf	0	0	0	0	0	0	0	0	1	0	0	0	0	0	0	0	0
lever	0	0	0	0.1666666667	0.3333333333	0.1666666667	0	0	0	0	0	0.3333333333	0	0	0	0	0
lock	0	0	0	0.5	0.5	0	0	0	0	0	0	0	0	0	0	0	0
lyre	0	0	0	0.5	0	0.5	0	0	0	0	0	0	0	0	0	0	0
mace	0	0.3333333333	0	0.1666666667	0	0.1666666667	0	0	0	0	0	0	0	0	0	0.3333333333	0
mantle	0	0	0	0	0	0	0	0	0	1	0	0	0	0	0	0	0
map	0	0	0	0	0	0	0	0	0	0.3333333333	0	0	0	0.3333333333	0.3333333333	0	0
mask	0	0	0	0.1666666667	0.3333333333	0.1666666667	0	0	0	0	0	0	0	0	0	0.3333333333	0
medal	0.5	0	0	0.5	0	0	0	0	0	0	0	0	0	0	0	0	0
milk	0	0	0	0	0	0	0	0.25	0.25	0	0.5	0	0	0	0	0	0
mushroom	0	0	0	0	0	0	0	0	1	0	0	0	0	0	0	0	0
nail	0	0	0	0.25	0.5	0.25	0	0	0	0	0	0	0	0	0	0	0
necklace	0.5	0	0	0.5	0	0	0	0	0	0	0	0	0	0	0	0	0
needle	0	0	0	0.5	0.5	0	0	0	0	0	0	0	0	0	0	0	0
net	0	0	0	0	0.5	0	0	0	0	0.5	0	0	0	0	0	0	0
nugget	0.5	0	0	0.5	0	0	0	0	0	0	0	0	0	0	0	0	0
nut	0	0	0	0	0	0	0	0	1	0	0	0	0	0	0	0	0
oar	0	0	0.3333333333	0	0.3333333333	0.3333333333	0	0	0	0	0	0	0	0	0	0	0
orb	0.5	0	0	0.5	0	0	0	0	0	0	0	0	0	0	0	0	0
padlock	0	0	0	0.5	0.5	0	0	0	0	0	0	0	0	0	0	0	0
pickaxe	0	0	0.3333333333	0.1666666667	0.3333333333	0.1666666667	0	0	0	0	0	0	0	0	0	0	0
plate	0	0	0	0.25	0.5	0.25	0	0	0	0	0	0	0	0	0	0	0
poison	0	0	0	0	0	0	0	0.1818181818	0.1818181818	0	0.3636363636	0	0	0	0.2727272727	0	0
polearm	0	0.5	0	0.25	0	0.25	0	0	0	0	0	0	0	0	0	0	0
potion	0	0	0	0	0	0	0	0.1818181818	0.1818181818	0	0.3636363636	0	0	0	0.2727272727	0	0
pumpkin	0	0	0	0	0	0	0	0	1	0	0	0	0	0	0	0	0
quill	0	0	0.3333333333	0	0	0	0	0	0	0	0	0	0	0.3333333333	0.3333333333	0	0
raft	0	0	0	0.1666666667	0.3333333333	0.1666666667	0	0	0	0	0	0	0.3333333333	0	0	0	0
rag	0	0	0	0	0.5	0	0	0	0	0.5	0	0	0	0	0	0	0
ram	0	0	0	0.1666666667	0.3333333333	0.1666666667	0	0	0	0	0	0	0.3333333333	0	0	0	0
rattle	0	0	0	0.5	0	0.5	0	0	0	0	0	0	0	0	0	0	0
rebab	0	0	0	0.5	0	0.5	0	0	0	0	0	0	0	0	0	0	0
relic	0.4444444444	0.1111111111	0	0.4444444444	0	0	0	0	0	0	0	0	0	0	0	0	0
ring	0.5	0	0	0.5	0	0	0	0	0	0	0	0	0	0	0	0	0
robe	0	0	0	0	0	0	0	0	0	1	0	0	0	0	0	0	0
ruler	0	0	0.3333333333	0.1666666667	0.3333333333	0.1666666667	0	0	0	0	0	0	0	0	0	0	0
sabre	0.1111111111	0.4444444444	0	0.4444444444	0	0	0	0	0	0	0	0	0	0	0	0	0
saddle	0	0	0	0.2	0.4	0	0	0	0	0.4	0	0	0	0	0	0	0
saw	0	0	0.3333333333	0.3333333333	0.3333333333	0	0	0	0	0	0	0	0	0	0	0	0
scepter	0.4444444444	0.1111111111	0	0.4444444444	0	0	0	0	0	0	0	0	0	0	0	0	0
scimitar	0.1111111111	0.4444444444	0	0.4444444444	0	0	0	0	0	0	0	0	0	0	0	0	0
scissor	0	0	0.3333333333	0.3333333333	0.3333333333	0	0	0	0	0	0	0	0	0	0	0	0
scourge	0	0	0	0	0.5	0	0	0	0	0.5	0	0	0	0	0	0	0
scroll	0	0	0	0	0	0	0	0	0	0.3333333333	0	0	0	0.3333333333	0.3333333333	0	0
scythe	0	0.3076923077	0.3076923077	0.1538461538	0	0.1538461538	0	0	0	0	0	0	0	0	0	0.0769230769	0
seed	0	0	0	0	0	0	0	0.3333333333	0.6666666667	0	0	0	0	0	0	0	0
shield	0.1111111111	0.4444444444	0	0.2222222222	0	0.2222222222	0	0	0	0	0	0	0	0	0	0	0
sickle	0	0.1333333333	0.2666666667	0.1333333333	0.2666666667	0.1333333333	0	0	0.0666666667	0	0	0	0	0	0	0	0
skull	0	0	0	0	0	0	0.3333333333	0	0	0	0	0	0	0	0	0.3333333333	0.3333333333
spade	0	0	0.3333333333	0.1666666667	0.3333333333	0.1666666667	0	0	0	0	0	0	0	0	0	0	0
spear	0	0.5	0	0.25	0	0.25	0	0	0	0	0	0	0	0	0	0	0
spellbook	0	0	0	0	0	0	0	0	0	0.3333333333	0	0	0	0.3333333333	0.3333333333	0	0
spinning_wheel	0	0	0.1	0	0.4	0.4	0	0	0	0.1	0	0	0	0	0	0	0
spoon	0	0	0	0	0.5	0.5	0	0	0	0	0	0	0	0	0	0	0
staff	0.0909090909	0.1818181818	0	0	0	0.3636363636	0	0	0	0	0	0	0	0	0	0.3636363636	0
statuette	0.25	0	0	0.125	0	0.125	0	0	0	0	0	0.25	0	0	0	0.25	0
strawberry	0	0	0	0	0	0	0	0.6666666667	0.3333333333	0	0	0	0	0	0	0	0
stylus	0	0	0.25	0.25	0	0	0	0	0	0	0	0	0	0.25	0.25	0	0
sword	0.1111111111	0.4444444444	0	0.4444444444	0	0	0	0	0	0	0	0	0	0	0	0	0
tankard	0.0416666667	0	0	0.0833333333	0.0833333333	0.0833333333	0.1666666667	0.0833333333	0.0833333333	0	0.1666666667	0	0	0	0.0416666667	0.1666666667	0
tea	0	0	0	0	0	0	0	0.1818181818	0.1818181818	0	0.3636363636	0	0	0	0.2727272727	0	0
tombstone	0	0	0	0	0	0	0	0	0	0	0	1	0	0	0	0	0
tooth	0	0	0	0	0	0	0	0	0	0	0	0	0	0	0	0.5	0.5
torch	0	0	0	0	0.5	0.5	0	0	0	0	0	0	0	0	0	0	0
totem	0	0	0	0.1666666667	0.3333333333	0.1666666667	0	0	0	0	0	0	0.3333333333	0	0	0	0
treasure	0.5	0	0	0.5	0	0	0	0	0	0	0	0	0	0	0	0	0
trebuchet	0	0	0	0.1666666667	0.3333333333	0.1666666667	0	0	0	0	0	0	0.3333333333	0	0	0	0
trident	0.1666666667	0.1666666667	0.3333333333	0.3333333333	0	0	0	0	0	0	0	0	0	0	0	0	0
trumpet	0	0	0	0.5	0	0.5	0	0	0	0	0	0	0	0	0	0	0
urn	0	0	0	0.1666666667	0.3333333333	0.1666666667	0.3333333333	0	0	0	0	0	0	0	0	0	0
vase	0	0	0	0.1052631579	0.2105263158	0.1052631579	0.2105263158	0.0526315789	0.0526315789	0	0.2105263158	0	0	0	0.0526315789	0	0
vat	0	0	0	0.1052631579	0.2105263158	0.1052631579	0.2105263158	0.0526315789	0.0526315789	0	0.2105263158	0	0	0	0.0526315789	0	0
vault	0.3333333333	0	0	0.6666666667	0	0	0	0	0	0	0	0	0	0	0	0	0
veil	0	0	0	0	0	0	0	0	0	1	0	0	0	0	0	0	0
vial	0	0	0	0.0952380952	0.1904761905	0.0952380952	0.1904761905	0.0476190476	0.0476190476	0	0.1904761905	0	0	0	0.1428571429	0	0
viola	0	0	0	0.5	0	0.5	0	0	0	0	0	0	0	0	0	0	0
wagon	0	0	0	0.1666666667	0.3333333333	0.1666666667	0	0	0	0	0	0	0.3333333333	0	0	0	0
wand	0.0909090909	0.1818181818	0	0	0	0.3636363636	0	0	0	0	0	0	0	0	0	0.3636363636	0
weapon	0	0.3333333333	0	0.3333333333	0.3333333333	0	0	0	0	0	0	0	0	0	0	0	0
wheel	0	0	0	0	0.5	0.5	0	0	0	0	0	0	0	0	0	0	0
whip	0	0.5	0	0	0	0	0	0	0	0.5	0	0	0	0	0	0	0
wine	0	0	0	0	0.125	0	0.25	0.125	0.125	0	0.25	0	0	0	0.125	0	0
wing	0	0	0	0	0	0.3333333333	0	0	0	0	0	0	0	0	0	0.3333333333	0.3333333333
yarn	0	0	0.1111111111	0	0.4444444444	0	0	0	0	0.4444444444	0	0	0	0	0	0	0
																	
ADJECTIVE	JEWELRY	METAL	WOOD	TEXTILE	ROCK	COLORS	ORIGIN_REFERENCE	FLAVOR	INHERENT_PHYSICAL_CHARACTERISTIC	CIRCUMSTANCIAL_PHYSICAL_CHARACTERISTIC	SUPERNATURAL	SUBJECTIVE_VALUE	INHERENTLY_AESTHETIC	CIRCUMSTANCIAL_AESTHETIC	WEAPONRY		
aboriginal	0	0	0.25	0.25	0	0	0.5	0	0	0	0	0	0	0	0		
acidic	0	0	0	0	0	0	0	1	0	0	0	0	0	0	0		
amethyst	0.8	0	0	0	0.2	0	0	0	0	0	0	0	0	0	0		
ancient	0	0	0	0	0	0	1	0	0	0	0	0	0	0	0		
aphrodisiac	0	0	0	0	0	0	0	1	0	0	0	0	0	0	0		
aquamarine	0.8	0	0	0	0.2	0	0	0	0	0	0	0	0	0	0		
astringent	0	0	0	0	0	0	0	1	0	0	0	0	0	0	0		
bamboo	0	0	1	0	0	0	0	0	0	0	0	0	0	0	0		
bended	0	0.3333333333	0	0	0	0	0	0	0	0.3333333333	0	0	0	0	0.3333333333		
beryl	0.8	0	0	0	0.2	0	0	0	0	0	0	0	0	0	0		
bitter	0	0	0	0	0	0	0	1	0	0	0	0	0	0	0		
bloody	0.1428571429	0.1428571429	0.1428571429	0.1428571429	0.1428571429	0	0	0	0	0	0	0	0	0.1428571429	0.1428571429		
blue	0	0	0	0	0	1	0	0	0	0	0	0	0	0	0		
bone	0.5	0	0	0	0	0	0	0	0	0	0	0	0	0	0.5		
broken	0.0909090909	0.1818181818	0.1818181818	0	0.1818181818	0	0	0	0	0.1818181818	0	0	0	0	0.1818181818		
bronze	0.1666666667	0.1666666667	0	0	0	0	0	0	0	0	0	0.1666666667	0.1666666667	0.1666666667	0.1666666667		
burned	0	0.1111111111	0.4444444444	0	0	0	0	0	0	0	0	0	0	0	0.4444444444		
cement	0	0	0	0	1	0	0	0	0	0	0	0	0	0	0		
ceramic	0	0	0	0	1	0	0	0	0	0	0	0	0	0	0		
classical	0	0	0	0	0	0	0.8	0	0	0	0	0	0	0	0.2		
clay	0	0	0	0	1	0	0	0	0	0	0	0	0	0	0		
clean	0	0	0	0	0	0	0	0	0	0	0	0	0	1	0		
cold	0.1	0.1	0.1	0	0.1	0	0	0.1	0	0.4	0	0	0	0	0.1		
copper	0	1	0	0	0	0	0	0	0	0	0	0	0	0	0		
cork	0	0	0	1	0	0	0	0	0	0	0	0	0	0	0		
cracked	0.1052631579	0.2105263158	0.0526315789	0	0.2105263158	0	0	0	0	0.2105263158	0	0	0	0	0.2105263158		
crystal	0.4444444444	0	0	0	0.1111111111	0	0	0	0	0	0	0	0	0	0.4444444444		
cursed	0.125	0.125	0.125	0.125	0.125	0	0	0.125	0	0	0.125	0	0	0	0.125		
cyan	0	0	0	0	0	1	0	0	0	0	0	0	0	0	0		
dark	0.125	0.125	0.125	0.125	0.125	0	0	0.125	0	0	0.125	0	0	0	0.125		
delicious	0	0	0	0	0	0	0	1	0	0	0	0	0	0	0		
devilish	0.1428571429	0.1428571429	0.1428571429	0.1428571429	0.1428571429	0	0	0	0	0	0.1428571429	0	0	0	0.1428571429		
diabolic	0.125	0.125	0.125	0.125	0.125	0	0	0.125	0	0	0.125	0	0	0	0.125		
diamond	0.6666666667	0	0	0	0.1666666667	0	0	0	0	0	0	0	0	0	0.1666666667		
dry	0	0	0	0	0	0	0	1	0	0	0	0	0	0	0		
dull	0	0.1111111111	0	0	0	0	0	0	0	0.4444444444	0	0	0	0	0.4444444444		
dusty	0.1428571429	0.1428571429	0.1428571429	0.1428571429	0.1428571429	0	0	0	0	0	0	0	0	0.1428571429	0.1428571429		
ebony	0.5	0	0.5	0	0	0	0	0	0	0	0	0	0	0	0		
electrified	0	0	0	0	0	0	0	0	0	0	0.5	0	0	0	0.5		
emerald	0.8	0	0	0	0.2	0	0	0	0	0	0	0	0	0	0		
consumed	0	0.4	0	0.2	0	0	0	0	0	0.4	0	0	0	0	0		
enchanted	0.1538461538	0.1538461538	0.1538461538	0.1538461538	0.0769230769	0	0	0	0	0	0.1538461538	0	0	0	0.1538461538		
energetic	0	0	0	0	0	0	0	1	0	0	0	0	0	0	0		
evil	0.1428571429	0.1428571429	0.1428571429	0.1428571429	0.1428571429	0	0	0	0	0	0.1428571429	0	0	0	0.1428571429		
expensive	0.25	0	0	0.25	0	0	0	0	0	0	0	0.25	0	0	0.25		
fabric	0	0	0	1	0	0	0	0	0	0	0	0	0	0	0		
fatty	0	0	0	0	0	0	0	1	0	0	0	0	0	0	0		
fiber	0	0	0	1	0	0	0	0	0	0	0	0	0	0	0		
fiery	0.1904761905	0.1904761905	0.0476190476	0	0.1904761905	0	0	0	0	0	0.1904761905	0	0	0	0.1904761905		
filthy	0.1428571429	0.1428571429	0.1428571429	0.1428571429	0.1428571429	0	0	0	0	0	0	0	0	0.1428571429	0.1428571429		
fizzy	0	0	0	0	0	0	0	1	0	0	0	0	0	0	0		
fragile	0.0833333333	0.0833333333	0.0833333333	0.0833333333	0.3333333333	0	0	0	0.3333333333	0	0	0	0	0	0		
fragrant	0	0	0	0	0	0	0	1	0	0	0	0	0	0	0		
frosting	0	0	0	0	0	0	0	0	0.5	0	0	0	0	0	0.5		
ghostly	0.1428571429	0.1428571429	0.1428571429	0.1428571429	0.1428571429	0	0	0	0	0	0.1428571429	0	0	0	0.1428571429		
glazed	0.2666666667	0.1333333333	0.0666666667	0	0.2666666667	0	0	0	0	0	0	0	0	0	0.2666666667		
gleaming	0	0	0	0	0	0	0	0	0	0	0	0	0.5	0	0.5		
glorious	0	0.3333333333	0	0	0	0	0	0	0	0	0	0.3333333333	0	0	0.3333333333		
golden	0.1666666667	0.1666666667	0	0	0	0	0	0	0	0	0	0.1666666667	0.1666666667	0.1666666667	0.1666666667		
graceful	0	0	0	0	0	0	0	0	0	0	0	1	0	0	0		
granite	0	0	0	0	1	0	0	0	0	0	0	0	0	0	0		
greasy	0	0	0	0	0	0	0	1	0	0	0	0	0	0	0		
green	0	0	0	0	0	1	0	0	0	0	0	0	0	0	0		
gypsum	0	0	0	0	1	0	0	0	0	0	0	0	0	0	0		
half_consumptioned	0	0	0	0	0	0	0	1	0	0	0	0	0	0	0		
hallucinogenic	0	0	0	0	0	0	0	1	0	0	0	0	0	0	0		
hardened	0	0	0	0	0	0	0	0	0.8	0	0	0	0	0	0.2		
heavy	0	0	0	0	0	0	0	0	0.5	0	0	0	0	0	0.5		
holy	0.1428571429	0.1428571429	0.1428571429	0.1428571429	0.1428571429	0	0	0	0	0	0.1428571429	0	0	0	0.1428571429		
hot	0.0769230769	0.0769230769	0.0769230769	0	0.0769230769	0	0	0.0769230769	0	0.3076923077	0	0	0	0	0.3076923077		
icy	0.1666666667	0.1666666667	0.1666666667	0	0.1666666667	0	0	0	0	0	0.1666666667	0	0	0	0.1666666667		
indigenous	0	0	0	0	0	0	1	0	0	0	0	0	0	0	0		
indigo	0	0	0	0	0	1	0	0	0	0	0	0	0	0	0		
iron	0	0.5	0	0	0	0	0	0	0	0	0	0	0	0	0.5		
ivory	0.0909090909	0.1818181818	0.3636363636	0	0	0	0	0	0	0	0	0	0	0	0.3636363636		
jade	0.4444444444	0	0	0	0.1111111111	0	0	0	0	0	0	0	0	0	0.4444444444		
juicy	0	0	0	0	0	0	0	1	0	0	0	0	0	0	0		
kneaded	0.0909090909	0	0.1818181818	0	0	0	0	0	0	0.3636363636	0	0	0	0	0.3636363636		
knit	0	0	0	1	0	0	0	0	0	0	0	0	0	0	0		
lead	0	1	0	0	0	0	0	0	0	0	0	0	0	0	0		
leather	0	0	0	1	0	0	0	0	0	0	0	0	0	0	0		
legendary	0.2	0.2	0.2	0	0	0	0	0	0	0	0	0.2	0	0	0.2		
light	0	0	0	0	0	0	0	0	0.8	0	0	0	0	0	0.2		
lilac	0	0	0	0	0	1	0	0	0	0	0	0	0	0	0		
linen	0	0	0	1	0	0	0	0	0	0	0	0	0	0	0		
magenta	0	0	0	0	0	1	0	0	0	0	0	0	0	0	0		
magical	0.1428571429	0.1428571429	0.1428571429	0.1428571429	0.1428571429	0	0	0	0	0	0.1428571429	0	0	0	0.1428571429		
magnificent	0	0	0	0	0	0	0	0	0	0	0	1	0	0	0		
marble	0	0	0	0	1	0	0	0	0	0	0	0	0	0	0		
medieval	0	0	0	0	0	0	0.5	0	0	0	0	0	0	0	0.5		
mesh	0	0	0	1	0	0	0	0	0	0	0	0	0	0	0		
metal	0	0.5	0	0	0	0	0	0	0	0	0	0	0	0	0.5		
meteorite	0.1666666667	0.1666666667	0	0	0	0	0	0	0	0	0	0.1666666667	0.1666666667	0.1666666667	0.1666666667		
mildewed	0	0	1	0	0	0	0	0	0	0	0	0	0	0	0		
mossy	0.1666666667	0.1666666667	0.1666666667	0	0.1666666667	0	0	0	0	0	0	0	0	0.1666666667	0.1666666667		
mother_of_pearl	0.6666666667	0	0	0	0	0	0	0	0	0	0	0	0	0	0.3333333333		
muddy	0.1428571429	0.1428571429	0.1428571429	0.1428571429	0.1428571429	0	0	0	0	0	0	0	0	0.1428571429	0.1428571429		
mysterious	0	0	0	0	0	0	0	0	0	0	0	0.5	0	0	0.5		
mystical	0.1428571429	0.1428571429	0.1428571429	0.1428571429	0.1428571429	0	0	0	0	0	0.1428571429	0	0	0	0.1428571429		
nickel	0	1	0	0	0	0	0	0	0	0	0	0	0	0	0		
noisy	0	0	0	0	0	0	0	0	1	0	0	0	0	0	0		
oak	0.5	0	0.5	0	0	0	0	0	0	0	0	0	0	0	0		
obsidian	0.4444444444	0	0	0	0.1111111111	0	0	0	0	0	0	0	0	0	0.4444444444		
occult	0.25	0	0	0	0.25	0	0	0	0	0	0	0.25	0	0	0.25		
odoriferous	0	0	0	0	0	0	0	1	0	0	0	0	0	0	0		
oily	0	0	0	0	0	0	0	1	0	0	0	0	0	0	0		
onyx	0.8	0	0	0	0.2	0	0	0	0	0	0	0	0	0	0		
orange	0	0	0	0	0	1	0	0	0	0	0	0	0	0	0		
pagan	0	0	0	0	0	0	1	0	0	0	0	0	0	0	0		
painted	0	0	0	0	0	0	0	0	0	0	0	0	0	1	0		
pearl	1	0	0	0	0	0	0	0	0	0	0	0	0	0	0		
piece	0.1666666667	0.1666666667	0.1666666667	0	0.1666666667	0	0	0	0.1666666667	0	0	0	0	0	0.1666666667		
poisonous	0	0	0	0	0	0	0	0.5	0	0	0	0	0	0	0.5		
pottery	0	0	0	0	1	0	0	0	0	0	0	0	0	0	0		
powerful	0.1666666667	0.1666666667	0.1666666667	0	0.1666666667	0	0	0	0	0	0.1666666667	0	0	0	0.1666666667		
precious	0.4	0	0	0	0	0	0	0	0	0	0	0.4	0	0	0.2		
primitive	0	0	0	0	0	0	0.5	0	0	0	0	0	0	0	0.5		
quartz	0	0	0	0	1	0	0	0	0	0	0	0	0	0	0		
red	0	0	0	0	0	1	0	0	0	0	0	0	0	0	0		
redhot	0.0769230769	0.0769230769	0.0769230769	0	0.0769230769	0	0	0.0769230769	0	0.3076923077	0	0	0	0	0.3076923077		
rock	0	0	0	0	1	0	0	0	0	0	0	0	0	0	0		
rotten	0	0	0	0	0	0	0	1	0	0	0	0	0	0	0		
ruby	0.8	0	0	0	0.2	0	0	0	0	0	0	0	0	0	0		
rustic	0.1428571429	0.1428571429	0.1428571429	0.1428571429	0.1428571429	0	0	0	0	0	0	0	0.1428571429	0	0.1428571429		
rusty	0	1	0	0	0	0	0	0	0	0	0	0	0	0	0		
salmon	0	0	0	0	0	1	0	0	0	0	0	0	0	0	0		
salty	0	0	0	0	0	0	0	1	0	0	0	0	0	0	0		
sanded	0	0	1	0	0	0	0	0	0	0	0	0	0	0	0		
sapphire	0.8	0	0	0	0.2	0	0	0	0	0	0	0	0	0	0		
scarlet	0	0	0	0	0	1	0	0	0	0	0	0	0	0	0		
secret	0	0	0	0.3333333333	0	0	0	0	0	0	0	0.3333333333	0	0	0.3333333333		
sedative	0	0	0	0	0	0	0	1	0	0	0	0	0	0	0		
shadowy	0.1666666667	0.1666666667	0.1666666667	0	0.1666666667	0	0	0	0	0	0.1666666667	0	0	0	0.1666666667		
sharp	0	0.2727272727	0	0	0	0	0	0	0	0.3636363636	0	0	0	0	0.3636363636		
shell	1	0	0	0	0	0	0	0	0	0	0	0	0	0	0		
shiny	0.25	0.25	0	0	0	0	0	0	0.25	0	0	0	0	0	0.25		
silk	0	0	0	1	0	0	0	0	0	0	0	0	0	0	0		
silver	0.1666666667	0.1666666667	0	0	0	0	0	0	0	0	0	0.1666666667	0.1666666667	0.1666666667	0.1666666667		
smelly	0	0	0	0	0	0	0	1	0	0	0	0	0	0	0		
snowy	0	0	0	0.25	0.25	0	0	0	0	0	0	0	0	0.25	0.25		
soothing	0	0	0	0	0	0	0	1	0	0	0	0	0	0	0		
sour	0	0	0	0	0	0	0	1	0	0	0	0	0	0	0		
sparkling	0.25	0.25	0	0	0	0	0	0	0	0	0	0	0.25	0	0.25		
spicy	0	0	0	0	0	0	0	1	0	0	0	0	0	0	0		
spruce	0	0	1	0	0	0	0	0	0	0	0	0	0	0	0		
stimulating	0	0	0	0	0	0	0	1	0	0	0	0	0	0	0		
stinky	0	0	0	0	0	0	0	1	0	0	0	0	0	0	0		
sweet	0	0	0	0	0	0	0	1	0	0	0	0	0	0	0		
tasty	0	0	0	0	0	0	0	1	0	0	0	0	0	0	0		
tattered	0	0	0	1	0	0	0	0	0	0	0	0	0	0	0		
teracota	0	0	0	0	0	1	0	0	0	0	0	0	0	0	0		
tin	0	1	0	0	0	0	0	0	0	0	0	0	0	0	0		
tribal	0	0	0	0	0	0	1	0	0	0	0	0	0	0	0		
turquoise	0.8	0	0	0	0.2	0	0	0	0	0	0	0	0	0	0		
turtle_shell	1	0	0	0	0	0	0	0	0	0	0	0	0	0	0		
twisted	0	0.0909090909	0.0909090909	0	0.0909090909	0	0	0	0	0.3636363636	0	0	0	0	0.3636363636		
unbreakable	0.1666666667	0.1666666667	0.1666666667	0	0.1666666667	0	0	0	0	0	0.1666666667	0	0	0	0.1666666667		
vanilla	0	0	0	0	0	1	0	0	0	0	0	0	0	0	0		
varnished	0	0	1	0	0	0	0	0	0	0	0	0	0	0	0		
velvet	0	0	0	1	0	0	0	0	0	0	0	0	0	0	0		
violet	0	0	0	0	0	1	0	0	0	0	0	0	0	0	0		
voodoo	0	0	0	0	0	0	1	0	0	0	0	0	0	0	0		
warped	0	0	1	0	0	0	0	0	0	0	0	0	0	0	0		
wet	0	0	0	0.5	0	0	0	0	0	0	0	0	0	0.5	0		
white	0	0	0	0	0	1	0	0	0	0	0	0	0	0	0		
wild	0	0	0	0	0	0	1	0	0	0	0	0	0	0	0		
wonderful	0	0	0	0	0	0	0	0	0	0	0	1	0	0	0		
wooden	0	0	1	0	0	0	0	0	0	0	0	0	0	0	0		
woollen	0	0	0	1	0	0	0	0	0	0	0	0	0	0	0		
yellow	0	0	0	0	0	1	0	0	0	0	0	0	0	0	0		
zinc	0	1	0	0	0	0	0	0	0	0	0	0	0	0	0		
zircon	0.8	0	0	0	0.2	0	0	0	0	0	0	0	0	0	0		
																	
WILDCARD	WARRIOR	MAGE	EXILED	SCHOLASTIC	FOREST	PERFORMER	RURAL	WORKER	GOOD	BAD	WATER	NOBILITY	TROUBLESOME	UNDEAD
acolyte	0.0909090909	0.1818181818	0.1818181818	0.1818181818	0.0909090909	0	0	0	0	0.1363636364	0	0	0.0454545455	0.0909090909			
actor	0	0	0	0.0833333333	0	0.3333333333	0	0	0.1666666667	0.1666666667	0	0.1666666667	0.0833333333	0			
adventurer	0.12	0	0.04	0	0.16	0	0.04	0.04	0.16	0.16	0.16	0	0.12	0			
alchemist	0	0.1818181818	0.0909090909	0.3636363636	0.0909090909	0	0.0909090909	0	0.1818181818	0	0	0	0	0			
amazon	0.4	0	0	0	0.2	0	0	0	0.2	0.2	0	0	0	0			
apothecary	0	0.1818181818	0	0.3636363636	0.1818181818	0	0.0909090909	0	0.1818181818	0	0	0	0	0			
archer	0.25	0	0	0	0.25	0	0.125	0	0.125	0.125	0.125	0	0	0			
artisan	0	0	0	0.25	0	0	0	0.5	0	0	0	0.25	0	0			
assassin	0.1176470588	0	0.0588235294	0.0588235294	0.1176470588	0	0	0	0	0.1764705882	0	0.2352941176	0.2352941176	0			
astrologer	0	0.2857142857	0.0714285714	0.2857142857	0	0	0	0	0.0714285714	0.1428571429	0	0.0714285714	0.0714285714	0			
astronomer	0	0	0	0.6666666667	0	0	0	0	0.3333333333	0	0	0	0	0			
baker	0	0	0	0	0	0	0.5	0.5	0	0	0	0	0	0			
barbarian	0.1666666667	0	0.0833333333	0	0.0833333333	0	0.1666666667	0.1666666667	0.0833333333	0.0833333333	0	0	0.1666666667	0			
bard	0	0	0	0.0833333333	0	0.3333333333	0	0	0.1666666667	0.1666666667	0	0.1666666667	0.0833333333	0			
barman	0	0	0	0	0	0	0.5	0.5	0	0	0	0	0	0			
baron	0.1818181818	0	0	0.0909090909	0	0	0	0	0.1818181818	0.1818181818	0	0.3636363636	0	0			
beggar	0	0	0.25	0	0	0	0.125	0	0.125	0.125	0	0	0.25	0.125			
beserker	0.3076923077	0	0	0	0.0769230769	0	0	0.0769230769	0.1538461538	0.1538461538	0	0	0.2307692308	0			
blacksmith	0.3333333333	0	0	0	0	0	0.3333333333	0.3333333333	0	0	0	0	0	0			
brewer	0	0	0	0	0	0	0.5	0.5	0	0	0	0	0	0			
buccaneer	0.1739130435	0	0.1739130435	0	0	0	0	0.0869565217	0.0434782609	0.1739130435	0.1739130435	0	0.1739130435	0			
builder	0	0	0	0	0	0	0.5	0.5	0	0	0	0	0	0			
butcher	0	0	0	0	0	0	0.5	0.5	0	0	0	0	0	0			
butler	0	0	0	0	0	0	0	0.6666666667	0	0	0	0.3333333333	0	0			
cannibal	0.1111111111	0.1111111111	0.2222222222	0	0.2222222222	0	0	0	0	0.2222222222	0	0	0	0.1111111111			
captain	0.3333333333	0	0	0	0	0	0	0	0.1666666667	0.1666666667	0	0.1666666667	0	0.1666666667			
carpenter	0	0	0	0	0	0	0.5	0.5	0	0	0	0	0	0			
centaur	0.2857142857	0	0.1428571429	0	0.1428571429	0	0	0.1428571429	0.1428571429	0.1428571429	0	0	0	0			
champion	0.2666666667	0.1333333333	0	0	0	0	0	0	0.2	0.1333333333	0.1333333333	0.1333333333	0	0			
chemist	0	0.125	0	0.5	0.125	0	0	0	0.25	0	0	0	0	0			
chieftain	0.1818181818	0.0909090909	0	0.0454545455	0.0909090909	0	0.0909090909	0	0.0909090909	0.0909090909	0.0909090909	0.1363636364	0.0454545455	0.0454545455			
cleric	0.0714285714	0.2857142857	0	0.2142857143	0	0	0	0	0.2857142857	0	0	0.1428571429	0	0			
commander	0.2857142857	0	0	0.0714285714	0	0	0	0	0.1428571429	0.1428571429	0.1428571429	0.1428571429	0	0.0714285714			
cooker	0	0	0	0	0	0	0	0.6666666667	0	0	0	0.3333333333	0	0			
corsair	0.2222222222	0	0	0	0	0	0	0.1111111111	0.1111111111	0.1111111111	0.2222222222	0.1111111111	0	0.1111111111			
counselor	0	0	0	0.3333333333	0	0	0	0	0.1666666667	0.1666666667	0	0.3333333333	0	0			
count	0	0	0	0.1111111111	0	0	0	0	0.2222222222	0.2222222222	0	0.4444444444	0	0			
crusader	0.3076923077	0	0	0.1538461538	0	0	0	0	0.3076923077	0	0	0.2307692308	0	0			
cultist	0.0909090909	0.1818181818	0.1818181818	0.1818181818	0.0909090909	0	0	0	0	0.1363636364	0	0	0.0454545455	0.0909090909			
cyclops	0.1818181818	0	0.1818181818	0	0.0909090909	0	0.1363636364	0.1363636364	0.0454545455	0.1818181818	0	0	0.0454545455	0			
dancer	0	0	0	0.0833333333	0	0.3333333333	0	0	0.1666666667	0.1666666667	0	0.1666666667	0.0833333333	0			
death_knight	0.3076923077	0.1538461538	0	0	0	0	0	0	0	0.3076923077	0	0	0	0.2307692308			
demigod	0.25	0.25	0.125	0	0	0	0	0	0.125	0.125	0	0.125	0	0			
demon	0.0833333333	0.1666666667	0.1666666667	0	0.0833333333	0	0	0	0	0.1666666667	0.0833333333	0.0833333333	0.1666666667	0			
divinator	0	0.2352941176	0.1176470588	0.1764705882	0.0588235294	0	0.0588235294	0	0.1176470588	0.1176470588	0	0	0.1176470588	0			
docker	0	0	0	0	0	0	0	0.3333333333	0.0833333333	0.0833333333	0.3333333333	0	0.0833333333	0.0833333333			
druid	0	0.2352941176	0.1176470588	0	0.2352941176	0	0.0588235294	0	0.1764705882	0.1176470588	0	0	0.0588235294	0			
dryad	0	0.2222222222	0	0	0.4444444444	0	0	0	0.2222222222	0.1111111111	0	0	0	0			
duke	0	0	0	0.1111111111	0	0	0	0	0.2222222222	0.2222222222	0	0.4444444444	0	0			
dwarf	0.2666666667	0	0	0	0	0	0.2666666667	0.2666666667	0	0	0	0.1333333333	0.0666666667	0			
elf	0.125	0.0625	0.0625	0.125	0.125	0.0625	0.0625	0.0625	0.0625	0.0625	0.0625	0.0625	0.0625	0			
emissary	0	0	0	0.3333333333	0	0	0	0	0.1666666667	0.1666666667	0	0.3333333333	0	0			
emperor	0	0	0	0.1666666667	0	0	0	0	0.1666666667	0.1666666667	0	0.3333333333	0	0.1666666667			
enchanter	0	0.2857142857	0	0.2142857143	0.0714285714	0	0	0	0.1428571429	0.1428571429	0	0.0714285714	0	0.0714285714			
engineer	0	0	0	0.5	0	0	0	0.5	0	0	0	0	0	0			
ent	0	0	0	0	1	0	0	0	0	0	0	0	0	0			
executioner	0.3636363636	0	0	0	0	0	0	0	0.1818181818	0.3636363636	0	0	0	0.0909090909			
exorcist	0.0666666667	0.2666666667	0.0666666667	0.2	0	0	0	0	0.2666666667	0.0666666667	0	0.0666666667	0	0			
explorer	0.125	0	0.125	0.125	0.125	0	0	0	0	0	0.25	0.125	0.125	0			
fairy	0	0.4	0	0	0.4	0	0	0	0.2	0	0	0	0	0			
farmer	0.0909090909	0	0	0	0.0909090909	0	0.3636363636	0.3636363636	0	0	0	0	0.0909090909	0			
farseer	0	0.2352941176	0.1176470588	0.1764705882	0.0588235294	0	0.0588235294	0	0.1176470588	0.1176470588	0	0	0.1176470588	0			
fighter	0.4	0	0	0	0	0	0	0.1	0.2	0.2	0	0	0	0.1			
fisherman	0	0	0	0	0	0	0.5	0.5	0	0	0	0	0	0			
footman	0.4	0	0	0	0.1	0	0	0.1	0.2	0.2	0	0	0	0			
gambler	0	0	0	0.1428571429	0	0	0	0	0.1428571429	0.1428571429	0	0	0.5714285714	0			
gardener	0	0	0	0	0	0	0	0.6666666667	0	0	0	0.3333333333	0	0			
general	0.2666666667	0	0	0.1333333333	0	0	0	0	0.1333333333	0.1333333333	0	0.2	0	0.1333333333			
ghost	0	0.1	0.2	0	0.1	0.1	0	0	0.1	0.1	0.1	0	0	0.2			
ghoul	0.0666666667	0	0.2666666667	0	0.1333333333	0	0	0	0	0.2666666667	0	0	0	0.2666666667			
gladiator	0.4	0	0	0	0	0	0	0	0.2	0.2	0	0	0.2	0			
gnome	0	0	0	0	0.25	0	0.25	0	0.25	0.25	0	0	0	0			
goblin	0.0833333333	0.0833333333	0.1666666667	0	0.0833333333	0	0	0.1666666667	0	0.1666666667	0.0833333333	0	0.1666666667	0			
goldsmith	0	0	0	0.25	0	0	0	0.5	0	0	0	0.25	0	0			
golem	0	0	0	0	0.5	0	0	0	0.25	0.25	0	0	0	0			
gravedigger	0	0	0	0	0	0	0.4	0.4	0	0	0	0	0	0.2			
guard	0.5	0	0	0	0	0	0	0	0.25	0.25	0	0	0	0			
guardian	0.3333333333	0.0833333333	0	0	0	0	0	0	0.1666666667	0.1666666667	0	0.1666666667	0	0.0833333333			
haunt	0	0.0952380952	0.1904761905	0	0.0952380952	0.0952380952	0	0	0.0952380952	0.1428571429	0.0952380952	0	0	0.1904761905			
healer	0.0714285714	0.1428571429	0	0.2857142857	0.1428571429	0	0.1428571429	0	0.2142857143	0	0	0	0	0			
herbalist	0	0.0714285714	0.1428571429	0.2857142857	0.1428571429	0	0.2142857143	0	0.1428571429	0	0	0	0	0			
hermit	0	0.1153846154	0.1538461538	0.1538461538	0.1153846154	0	0.1153846154	0	0.0769230769	0.0769230769	0	0	0.1538461538	0.0384615385			
hero	0.2222222222	0.1111111111	0.1111111111	0.0555555556	0	0	0	0	0.2222222222	0.0555555556	0.1111111111	0.0555555556	0.0555555556	0			
hobbit	0.0454545455	0	0.0454545455	0.0454545455	0.0909090909	0.1818181818	0.1818181818	0.1818181818	0.0909090909	0.0454545455	0	0	0.0909090909	0			
hunter	0.25	0	0	0	0.25	0	0.25	0	0.125	0.125	0	0	0	0			
ifrit	0	0.3333333333	0	0	0	0	0	0	0	0.3333333333	0	0.3333333333	0	0			
illusionist	0	0.3333333333	0	0	0	0	0	0	0.1666666667	0.1666666667	0	0.0833333333	0.25	0			
imp	0	0.1428571429	0.2857142857	0	0	0	0	0	0	0.2857142857	0	0	0.2857142857	0			
inventor	0	0	0	0.5	0	0	0	0.5	0	0	0	0	0	0			
invoker	0	0.3076923077	0	0	0.0769230769	0	0	0	0.1538461538	0.1538461538	0	0.1538461538	0.0769230769	0.0769230769			
jin	0	0.3333333333	0	0	0	0	0	0	0.1666666667	0.1666666667	0	0.3333333333	0	0			
joker	0	0	0	0.0833333333	0	0.3333333333	0	0	0.1666666667	0.1666666667	0	0.1666666667	0.0833333333	0			
judge	0	0	0	0.3333333333	0	0	0	0	0.2222222222	0.2222222222	0	0.2222222222	0	0			
king	0	0	0	0.1666666667	0	0	0	0	0.1666666667	0.1666666667	0	0.3333333333	0	0.1666666667			
knight	0.2857142857	0	0	0.0714285714	0	0	0	0	0.1428571429	0.1428571429	0	0.2142857143	0	0.1428571429			
kraken	0	0	0	0	0	0	0	0	0	0	1	0	0	0			
landlord	0.1818181818	0	0	0.0909090909	0	0	0	0	0.1818181818	0.1818181818	0	0.3636363636	0	0			
lawyer	0	0	0	0.3333333333	0	0	0	0	0.2222222222	0.2222222222	0	0.2222222222	0	0			
leader	0.2666666667	0.1333333333	0	0.0666666667	0	0	0	0	0.1333333333	0.1333333333	0.1333333333	0.0666666667	0	0.0666666667			
legionary	0.5	0	0	0	0	0	0	0	0.25	0.25	0	0	0	0			
leper	0	0	0.25	0	0	0	0.125	0	0.125	0.125	0	0	0.25	0.125			
leprechaun	0	0.3333333333	0	0	0.1666666667	0	0.1666666667	0	0.1666666667	0.1666666667	0	0	0	0			
leviathan	0	0	0	0	0	0	0	0	0	0	1	0	0	0			
librarian	0	0	0	0.6666666667	0	0	0	0	0.3333333333	0	0	0	0	0			
light_house_keeper	0	0	0	0	0	0	0.3333333333	0.3333333333	0	0	0.3333333333	0	0	0			
locksmith	0	0	0	0	0	0	0.5	0.5	0	0	0	0	0	0			
longshoreman	0	0	0	0	0	0	0	0.3333333333	0.0833333333	0.0833333333	0.3333333333	0	0.0833333333	0.0833333333			
lord	0.1538461538	0	0	0.0769230769	0	0	0	0	0.1538461538	0.1538461538	0	0.3076923077	0	0.1538461538			
lumberjack	0.0769230769	0	0	0	0.3076923077	0	0.3076923077	0.3076923077	0	0	0	0	0	0			
mage	0	0.2666666667	0	0.2666666667	0	0	0	0	0.1333333333	0.1333333333	0	0.1333333333	0	0.0666666667			
maiden	0	0	0	0.0909090909	0	0	0	0	0.1818181818	0.1818181818	0	0.3636363636	0	0.1818181818			
mason	0	0	0	0	0	0	0.5	0.5	0	0	0	0	0	0			
mercenary	0.2666666667	0	0.1333333333	0	0.1333333333	0	0	0	0.1333333333	0.1333333333	0	0	0.2	0			
merchant	0.3333333333	0	0	0	0	0	0	0.6666666667	0	0	0	0	0	0			
mermaid	0	0.25	0	0	0	0	0	0	0.125	0.125	0.5	0	0	0			
messenger	0	0	0	0.2	0	0	0	0	0.2	0.2	0	0.4	0	0			
miller	0	0	0	0	0.1111111111	0	0.4444444444	0.4444444444	0	0	0	0	0	0			
mimic	0	0	0	0	0	0.5	0	0	0.25	0.25	0	0	0	0			
miner	0	0	0	0	0	0	0.5	0.5	0	0	0	0	0	0			
minister	0	0	0	0.2727272727	0	0	0	0	0.1818181818	0.1818181818	0	0.3636363636	0	0			
minotaur	0.25	0	0.5	0	0	0	0	0	0	0.25	0	0	0	0			
minstrel	0	0	0	0.0833333333	0	0.3333333333	0	0	0.1666666667	0.1666666667	0	0.1666666667	0.0833333333	0			
monk	0.0833333333	0.0833333333	0.25	0.3333333333	0	0	0	0	0.25	0	0	0	0	0			
mummy	0	0.0714285714	0.2857142857	0	0	0	0	0	0.1428571429	0.2142857143	0	0	0	0.2857142857			
musician	0	0	0	0.1538461538	0	0.3076923077	0	0	0.1538461538	0.1538461538	0	0.1538461538	0.0769230769	0			
naga	0	0.25	0	0	0	0	0	0	0.125	0.125	0.5	0	0	0			
necromancer	0	0.2	0.1	0.2	0	0	0	0	0.05	0.2	0	0.05	0	0.2			
ninja	0.3636363636	0	0.1818181818	0	0	0	0	0	0.0909090909	0.1818181818	0	0.0909090909	0.0909090909	0			
noble	0.1666666667	0	0	0.1666666667	0	0	0	0	0.1666666667	0.1666666667	0	0.3333333333	0	0			
nymph	0	0.1666666667	0	0	0.3333333333	0	0	0	0.0833333333	0.0833333333	0.3333333333	0	0	0			
oarsman	0	0	0	0	0	0	0	0.3333333333	0.0833333333	0.0833333333	0.3333333333	0	0.0833333333	0.0833333333			
occultist	0.0909090909	0.1818181818	0.1818181818	0.1818181818	0.0909090909	0	0	0	0	0.1363636364	0	0	0.0454545455	0.0909090909			
ogre	0.1818181818	0	0.3636363636	0	0.1818181818	0	0	0	0.0909090909	0.1818181818	0	0	0	0			
orc	0.2	0	0.1	0	0.1	0	0.1	0.1	0.05	0.2	0.05	0	0.1	0			
overlord	0.1538461538	0	0	0.0769230769	0	0	0	0	0.1538461538	0.1538461538	0	0.3076923077	0	0.1538461538			
paladin	0.2666666667	0.1333333333	0	0.1333333333	0	0	0	0	0.2666666667	0	0	0.2	0	0			
peasant	0.0909090909	0	0	0	0.0909090909	0	0.3636363636	0.3636363636	0	0	0	0	0.0909090909	0			
phalanx	0.5	0	0	0	0	0	0	0	0.25	0.25	0	0	0	0			
phantom	0	0.1	0.2	0	0.1	0.1	0	0	0.1	0.1	0.1	0	0	0.2			
pharaoh	0	0	0	0.2307692308	0	0	0	0	0.1538461538	0.1538461538	0	0.3076923077	0	0.1538461538			
philosopher	0	0	0.25	0.5	0	0	0	0	0.25	0	0	0	0	0			
pirate	0.0454545455	0	0.1818181818	0	0	0	0	0.0909090909	0.0454545455	0.1818181818	0.1818181818	0	0.1818181818	0.0909090909			
poet	0	0	0	0.2142857143	0	0.2857142857	0	0	0.1428571429	0.1428571429	0	0.1428571429	0.0714285714	0			
possession	0	0.1111111111	0.2222222222	0	0.1111111111	0	0	0	0.1111111111	0.1666666667	0	0	0.0555555556	0.2222222222			
potter	0	0	0	0.1428571429	0	0	0	0.5714285714	0	0	0	0.2857142857	0	0			
priest	0	0.3076923077	0	0.2307692308	0	0	0	0	0.3076923077	0	0	0.1538461538	0	0			
princess	0	0	0	0.1666666667	0	0	0	0	0.1666666667	0.1666666667	0	0.3333333333	0	0.1666666667			
prophet	0	0.2222222222	0.1111111111	0.2222222222	0.0555555556	0	0.0555555556	0	0.1111111111	0.1111111111	0	0	0.1111111111	0			
puppet_master	0	0	0	0.0833333333	0	0.3333333333	0	0	0.1666666667	0.1666666667	0	0.1666666667	0.0833333333	0			
queen	0	0	0	0.1666666667	0	0	0	0	0.1666666667	0.1666666667	0	0.3333333333	0	0.1666666667			
raider	0.1818181818	0	0.1818181818	0	0.0909090909	0	0.1818181818	0	0	0.1818181818	0	0	0.1818181818	0			
ranger	0.25	0	0	0	0.25	0	0.25	0	0.125	0.125	0	0	0	0			
rider	0.3076923077	0	0	0	0	0	0.1538461538	0	0.1538461538	0.1538461538	0	0.1538461538	0	0.0769230769			
rogue	0.2222222222	0	0.1111111111	0	0.2222222222	0	0.2222222222	0	0.1111111111	0.1111111111	0	0	0	0			
ronin	0.2857142857	0	0.2857142857	0.0714285714	0	0	0	0	0.1428571429	0.1428571429	0	0.0714285714	0	0			
rower	0	0	0	0	0	0	0	0.3333333333	0.0833333333	0.0833333333	0.3333333333	0	0.0833333333	0.0833333333			
sage	0	0.0909090909	0.1818181818	0.3636363636	0.1818181818	0	0	0	0.1818181818	0	0	0	0	0			
sailor	0	0	0	0	0	0	0	0.3333333333	0.0833333333	0.0833333333	0.3333333333	0	0.0833333333	0.0833333333			
samurai	0.3076923077	0	0	0.0769230769	0	0	0	0	0.2307692308	0.1538461538	0	0.2307692308	0	0			
satire	0	0	0.2	0	0.4	0	0	0	0.2	0.2	0	0	0	0			
scholar	0	0	0	0.5	0	0	0	0	0.25	0	0.25	0	0	0			
scout	0.0769230769	0	0	0	0	0	0	0.3076923077	0.0769230769	0.0769230769	0.3076923077	0	0.0769230769	0.0769230769			
sculptor	0	0	0	0.25	0	0	0	0.5	0	0	0	0.25	0	0			
seaman	0	0	0	0	0	0	0	0.3333333333	0.0833333333	0.0833333333	0.3333333333	0	0.0833333333	0.0833333333			
seller	0.3333333333	0	0	0	0	0	0	0.6666666667	0	0	0	0	0	0			
senator	0	0	0	0.2727272727	0	0	0	0	0.1818181818	0.1818181818	0	0.3636363636	0	0			
sentinel	0.2857142857	0.0714285714	0	0	0	0	0	0	0.1428571429	0.1428571429	0.1428571429	0.1428571429	0	0.0714285714			
serf	0	0	0	0	0	0	0.4	0.4	0	0	0	0	0.1	0.1			
shaman	0	0.2857142857	0	0	0.2857142857	0	0.1428571429	0	0.1428571429	0.1428571429	0	0	0	0			
shepherd	0	0	0	0	0.1111111111	0	0.4444444444	0.4444444444	0	0	0	0	0	0			
singer	0	0	0	0.0833333333	0	0.3333333333	0	0	0.1666666667	0.1666666667	0	0.1666666667	0.0833333333	0			
siren	0	0.25	0	0	0	0	0	0	0.125	0.125	0.5	0	0	0			
skeleton	0.2105263158	0.0526315789	0.2105263158	0	0.1052631579	0	0	0	0	0.2105263158	0	0	0	0.2105263158			
slave	0	0	0	0	0	0	0.3076923077	0.3076923077	0	0	0	0	0.3076923077	0.0769230769			
slayer	0.2666666667	0	0.1333333333	0	0.1333333333	0	0.1333333333	0	0.2	0.1333333333	0	0	0	0			
sorcerer	0	0.4	0	0	0	0	0	0	0.2	0.2	0	0.1	0	0.1			
spirit	0	0.1	0.2	0	0.1	0.1	0	0	0.1	0.1	0.1	0	0	0.2			
spy	0.0526315789	0	0	0.2105263158	0.1052631579	0	0	0	0.0526315789	0.1578947368	0	0.2105263158	0.2105263158	0			
stearsman	0	0	0	0	0	0	0	0.3333333333	0.0833333333	0.0833333333	0.3333333333	0	0.0833333333	0.0833333333			
succubus	0.1428571429	0.2857142857	0	0	0	0.2857142857	0	0	0	0.2857142857	0	0	0	0			
sultan	0	0	0	0.2	0	0	0	0	0.2	0.2	0	0.4	0	0			
summoner	0	0.2666666667	0	0.2	0.1333333333	0	0	0	0.1333333333	0.1333333333	0	0.0666666667	0	0.0666666667			
tailor	0	0	0	0	0	0	0	0.6666666667	0	0	0	0.3333333333	0	0			
taster	0	0	0	0.2	0	0	0	0	0.2	0.2	0	0.4	0	0			
tavern_keeper	0	0	0	0	0	0	0.5	0.5	0	0	0	0	0	0			
tax_collector	0	0	0	0.25	0	0	0	0	0.25	0.25	0	0.25	0	0			
templar	0.2666666667	0.1333333333	0	0.1333333333	0	0	0	0	0.2666666667	0	0	0.2	0	0			
thief	0.1	0	0	0	0.2	0	0	0	0	0.3	0	0	0.4	0			
trapper	0.125	0	0	0	0.25	0	0.25	0.125	0.125	0.125	0	0	0	0			
traveler	0.125	0	0.125	0.125	0.125	0	0	0	0	0	0.25	0.125	0.125	0			
triton	0	0.25	0	0	0	0	0	0	0.125	0.125	0.5	0	0	0			
troll	0	0	0	0	0.5	0	0	0	0.25	0.25	0	0	0	0			
troubadour	0	0	0	0.1538461538	0	0.3076923077	0	0	0.1538461538	0.1538461538	0	0.1538461538	0.0769230769	0			
tutor	0	0	0	0.2	0	0	0	0	0.2	0.2	0	0.4	0	0			
valkyrie	0.3333333333	0.0833333333	0	0	0	0	0	0	0.3333333333	0	0	0.25	0	0			
vampire	0.1290322581	0.1290322581	0.1290322581	0.0967741935	0.064516129	0.064516129	0	0	0.064516129	0.0967741935	0	0.064516129	0.0322580645	0.1290322581			
ventriloquist	0	0	0	0.0833333333	0	0.3333333333	0	0	0.1666666667	0.1666666667	0	0.1666666667	0.0833333333	0			
villain	0.1	0	0.1	0.1	0.1	0	0	0	0	0.2	0	0.2	0.2	0			
viscount	0	0	0	0.2	0	0	0	0	0.2	0.2	0	0.4	0	0			
warlock	0.1666666667	0.3333333333	0	0	0	0	0	0	0.1666666667	0.1666666667	0	0.0833333333	0	0.0833333333			
warrior	0.3333333333	0	0	0	0	0	0	0	0.1666666667	0.1666666667	0.0833333333	0.1666666667	0	0.0833333333			
werewolf	0.1428571429	0	0.1428571429	0	0.1428571429	0	0	0	0.1428571429	0.1428571429	0	0	0.2857142857	0			
witch	0	0.2105263158	0.1052631579	0.1052631579	0.1052631579	0	0.0526315789	0	0.1052631579	0.2105263158	0	0.0526315789	0	0.0526315789			
wizard	0	0.3076923077	0	0.2307692308	0	0	0	0	0.1538461538	0.1538461538	0	0.0769230769	0	0.0769230769			
zombie	0.2222222222	0	0.2222222222	0	0.1111111111	0	0	0	0	0.2222222222	0	0	0	0.2222222222			
																	
PLACE	PALATIAL	INDOOR	TOWN	LABORATORY	WORKSHOP	VEHICLE	PUBLIC	COUNTRYSIDE	SHADY	BATTLEFIELD	MAGICAL	GEOGRAPHY	WEATHER	WATER			
abyss	0	0	0	0.0454545455	0	0	0.0454545455	0.0909090909	0.1818181818	0.1818181818	0.1818181818	0.1818181818	0	0.0909090909			
ale_house	0	0.2666666667	0.2666666667	0	0	0	0.2666666667	0.2	0	0	0	0	0	0			
alley	0	0	0.2857142857	0	0	0	0.2857142857	0.1428571429	0.2857142857	0	0	0	0	0			
altar	0.1904761905	0.1904761905	0.0952380952	0.0952380952	0	0	0.0476190476	0	0.1904761905	0	0.1904761905	0	0	0			
aquarium	0	0	0.1	0.3	0	0	0.2	0	0	0	0	0	0	0.4			
arena	0.1666666667	0	0.1666666667	0	0	0	0.3333333333	0	0	0.3333333333	0	0	0	0			
aviary	0	0	0	1	0	0	0	0	0	0	0	0	0	0			
bakery	0	0.2666666667	0.2666666667	0	0	0	0.2666666667	0.2	0	0	0	0	0	0			
balroom	0.1875	0.25	0.25	0	0	0	0.25	0	0	0	0.0625	0	0	0			
bar	0	0.2857142857	0.2857142857	0	0	0	0.2857142857	0.1428571429	0	0	0	0	0	0			
barn	0	0.2666666667	0.2666666667	0	0	0	0.2666666667	0.2	0	0	0	0	0	0			
battlefield	0	0	0	0	0.0833333333	0	0	0.0833333333	0.1666666667	0.3333333333	0.1666666667	0	0	0.1666666667			
bazaar	0	0.2857142857	0.2857142857	0	0	0	0.2857142857	0.1428571429	0	0	0	0	0	0			
beach	0	0	0	0	0	0	0.1428571429	0.1428571429	0	0.1428571429	0	0.2857142857	0	0.2857142857			
beacon	0	0.2352941176	0.1176470588	0.1176470588	0	0	0	0.2352941176	0.0588235294	0	0.0588235294	0	0	0.1764705882			
bestiary	0	0	0.3333333333	0.3333333333	0	0	0	0	0.1666666667	0	0.1666666667	0	0	0			
blizzard	0	0.1666666667	0.1666666667	0	0	0	0	0	0	0.1666666667	0.1666666667	0	0.3333333333	0			
boat	0	0	0	0	0	0.4	0	0	0	0.2	0	0	0	0.4			
boneyard	0	0	0	0	0.1	0	0	0.1	0.2	0.4	0.2	0	0	0			
brewery	0	0.2666666667	0.2666666667	0	0	0	0.2666666667	0.2	0	0	0	0	0	0			
bridge	0.1111111111	0	0.2222222222	0	0.1666666667	0.0555555556	0.1111111111	0.0555555556	0.0555555556	0.1111111111	0	0	0	0.1111111111			
bush	0	0	0.125	0	0	0	0.125	0.25	0	0	0	0.5	0	0			
cage	0	0.2105263158	0.1052631579	0.2105263158	0.2105263158	0.0526315789	0.2105263158	0	0	0	0	0	0	0			
canal	0	0	0	0	0	0	0.0833333333	0.3333333333	0.1666666667	0.0833333333	0	0.3333333333	0	0			
canteen	0	0.2857142857	0.2857142857	0	0	0	0.2857142857	0.1428571429	0	0	0	0	0	0			
canyon	0	0	0	0.0454545455	0	0	0.0454545455	0.0909090909	0.1818181818	0.1818181818	0.1818181818	0.1818181818	0	0.0909090909			
caravel	0	0	0	0	0	0.4	0	0	0	0.2	0	0	0	0.4			
carriage	0	0	0	0	0	0.4	0	0	0	0.2	0	0	0	0.4			
castle	0.1818181818	0.1818181818	0.1818181818	0.1363636364	0.1363636364	0	0.0454545455	0	0	0	0.1363636364	0	0	0			
cave	0	0.1538461538	0	0.0384615385	0	0	0.0384615385	0.0769230769	0.1538461538	0.1538461538	0.1538461538	0.1538461538	0	0.0769230769			
cemetery	0	0	0.1111111111	0.1111111111	0.1111111111	0	0.1111111111	0.1111111111	0.2222222222	0	0.2222222222	0	0	0			
chicken_coop	0	0	0.3333333333	0	0	0	0.3333333333	0.3333333333	0	0	0	0	0	0			
circus	0.1111111111	0.2222222222	0.2222222222	0.0555555556	0	0	0.2222222222	0.1111111111	0	0	0.0555555556	0	0	0			
cliffs	0	0	0	0.0454545455	0	0	0.0454545455	0.0909090909	0.1818181818	0.1818181818	0.1818181818	0.1818181818	0	0.0909090909			
coffee_shop	0	0.2857142857	0.2857142857	0	0	0	0.2857142857	0.1428571429	0	0	0	0	0	0			
colony	0	0	0.3076923077	0.1538461538	0.1538461538	0	0.1538461538	0.1538461538	0	0.0769230769	0	0	0	0			
colosseum	0.2142857143	0	0.2142857143	0	0	0	0.2857142857	0	0	0.2857142857	0	0	0	0			
court	0.2142857143	0.2857142857	0.2857142857	0	0.0714285714	0	0.1428571429	0	0	0	0	0	0	0			
crater	0	0	0	0.0454545455	0	0	0.0454545455	0.0909090909	0.1818181818	0.1818181818	0.1818181818	0.1818181818	0	0.0909090909			
creek	0	0	0.0769230769	0	0	0	0.0769230769	0.1538461538	0	0	0.0769230769	0.3076923077	0	0.3076923077			
crossroads	0	0.3636363636	0.0909090909	0	0	0	0	0.3636363636	0.0909090909	0.0909090909	0	0	0	0			
crypt	0.0454545455	0.1818181818	0.0454545455	0.0909090909	0.0909090909	0	0.0909090909	0.0909090909	0.1818181818	0	0.1818181818	0	0	0			
darkness	0	0.125	0.125	0	0	0	0	0	0.25	0.125	0.125	0	0.25	0			
den	0	0	0	0.1333333333	0	0	0.0666666667	0.2666666667	0.2666666667	0.1333333333	0.1333333333	0	0	0			
desert	0	0	0	0	0	0	0.1	0.4	0	0.1	0	0.4	0	0			
dinning_room	0	0.2857142857	0.2857142857	0	0	0	0.2857142857	0.1428571429	0	0	0	0	0	0			
dock	0.1	0	0.1	0	0	0.1	0.2	0.1	0	0	0	0	0	0.4			
dune	0	0	0	0	0	0	0.1	0.4	0	0.1	0	0.4	0	0			
dungeon	0.1363636364	0.1818181818	0.0454545455	0.0909090909	0.0909090909	0	0.0909090909	0	0.1363636364	0.1363636364	0.0909090909	0	0	0			
earthquake	0	0.1666666667	0.1666666667	0	0	0	0	0	0	0.1666666667	0.1666666667	0	0.3333333333	0			
eruption	0	0.2	0.2	0	0	0	0	0	0	0	0.2	0	0.4	0			
fair	0	0	0.3076923077	0.1538461538	0.1538461538	0	0.1538461538	0.1538461538	0	0	0.0769230769	0	0	0			
farm	0	0	0.2857142857	0	0	0	0.1428571429	0.5714285714	0	0	0	0	0	0			
firerain	0	0.1666666667	0.1666666667	0	0	0	0	0	0	0.1666666667	0.1666666667	0	0.3333333333	0			
fish_market	0	0.2857142857	0.2857142857	0	0	0	0.2857142857	0.1428571429	0	0	0	0	0	0			
forest	0	0	0	0	0	0	0.1428571429	0.2857142857	0.1428571429	0.0714285714	0.0714285714	0.2857142857	0	0			
fortress	0.1304347826	0.1739130435	0.0434782609	0.1304347826	0.1304347826	0	0.0434782609	0	0.1304347826	0.1304347826	0.0869565217	0	0	0			
fountain	0.2105263158	0	0.2105263158	0.1052631579	0	0	0.1052631579	0	0	0	0.1578947368	0	0	0.2105263158			
gambling_house	0.1111111111	0.2222222222	0.2222222222	0.0555555556	0	0	0.2222222222	0.1111111111	0	0	0.0555555556	0	0	0			
garden	0.3333333333	0	0.4444444444	0.1111111111	0	0	0	0	0	0	0.1111111111	0	0	0			
geyser	0	0	0.0769230769	0	0	0	0.0769230769	0.1538461538	0	0	0.0769230769	0.3076923077	0	0.3076923077			
glacier	0	0	0.0833333333	0	0	0	0.0833333333	0.1666666667	0	0	0	0.3333333333	0	0.3333333333			
graveyard	0	0	0.1111111111	0.1111111111	0.1111111111	0	0.1111111111	0.1111111111	0.2222222222	0	0.2222222222	0	0	0			
greenhouse	0	0.3333333333	0.3333333333	0.1666666667	0.0833333333	0	0	0	0	0	0.0833333333	0	0	0			
hail	0	0.2	0.2	0	0	0	0	0	0	0	0.2	0	0.4	0			
haunted_mansion	0	0.1818181818	0.1818181818	0.0909090909	0	0	0	0	0.1818181818	0.1818181818	0.1818181818	0	0	0			
hell	0	0	0	0	0	0	0	0	0.3333333333	0.3333333333	0.3333333333	0	0	0			
hen_house	0	0	0.3333333333	0	0	0	0.3333333333	0.3333333333	0	0	0	0	0	0			
hills	0	0	0	0	0	0	0.0833333333	0.3333333333	0.1666666667	0.0833333333	0	0.3333333333	0	0			
hospital	0.1428571429	0.1904761905	0.1428571429	0.1904761905	0.0476190476	0	0.0952380952	0	0.0476190476	0	0.1428571429	0	0	0			
hostel	0	0.2857142857	0.2857142857	0	0	0	0.2857142857	0.1428571429	0	0	0	0	0	0			
house	0	0.2857142857	0.2857142857	0	0	0	0.2857142857	0.1428571429	0	0	0	0	0	0			
hurricane	0	0.1666666667	0.1666666667	0	0	0	0	0	0	0.1666666667	0.1666666667	0	0.3333333333	0			
iceberg	0	0	0.0833333333	0	0	0	0.0833333333	0.1666666667	0	0	0	0.3333333333	0	0.3333333333			
inn	0	0.2857142857	0.2857142857	0	0	0	0.2857142857	0.1428571429	0	0	0	0	0	0			
island	0	0	0.0666666667	0	0	0	0.0666666667	0.2666666667	0	0	0.0666666667	0.2666666667	0	0.2666666667			
kitchen	0	0.2857142857	0.2857142857	0	0	0	0.2857142857	0.1428571429	0	0	0	0	0	0			
laboratory	0.1111111111	0.2222222222	0.1111111111	0.2222222222	0.0555555556	0	0	0	0.0555555556	0	0.2222222222	0	0	0			
labyrinth	0.0476190476	0.1904761905	0.0476190476	0.0952380952	0.0952380952	0	0	0	0.1428571429	0.1904761905	0.1904761905	0	0	0			
lake	0	0	0.0769230769	0	0	0	0.0769230769	0.1538461538	0	0	0.0769230769	0.3076923077	0	0.3076923077			
library	0.2	0.2	0.05	0.2	0.15	0	0	0	0	0	0.2	0	0	0			
lighthouse	0	0.2352941176	0.1176470588	0.1176470588	0	0	0	0.2352941176	0.0588235294	0	0.0588235294	0	0	0.1764705882			
lodging	0	0.2857142857	0.2857142857	0	0	0	0.2857142857	0.1428571429	0	0	0	0	0	0			
market	0	0.2857142857	0.2857142857	0	0	0	0.2857142857	0.1428571429	0	0	0	0	0	0			
mausoleum	0	0.1818181818	0.0909090909	0.0909090909	0.0909090909	0	0.0909090909	0.0909090909	0.1818181818	0	0.1818181818	0	0	0			
maze	0.0476190476	0.1904761905	0.0476190476	0.0952380952	0.0952380952	0	0	0	0.1428571429	0.1904761905	0.1904761905	0	0	0			
mill	0	0.2666666667	0.2666666667	0	0	0	0.2666666667	0.2	0	0	0	0	0	0			
moat	0.1428571429	0	0	0	0	0	0	0	0.2142857143	0.2857142857	0.0714285714	0	0	0.2857142857			
monastery	0.1111111111	0.1481481481	0.0740740741	0.1481481481	0.1481481481	0	0.0740740741	0.037037037	0.1111111111	0	0.1481481481	0	0	0			
mountain	0	0	0	0	0	0	0.0909090909	0.3636363636	0	0.0909090909	0.0909090909	0.3636363636	0	0			
night	0	0.1428571429	0.1428571429	0	0	0	0	0	0.2857142857	0.1428571429	0	0	0.2857142857	0			
nunnery	0.1428571429	0.1904761905	0.1428571429	0.1904761905	0.0476190476	0	0.0952380952	0	0.0476190476	0	0.1428571429	0	0	0			
obelisk	0.0555555556	0	0.0555555556	0.2222222222	0	0	0	0.2222222222	0.2222222222	0	0.2222222222	0	0	0			
observatory	0.0555555556	0.2222222222	0.0555555556	0.2222222222	0.2222222222	0	0	0	0	0	0.2222222222	0	0	0			
ocean	0	0	0	0	0	0	0.0769230769	0.3076923077	0	0	0	0.3076923077	0	0.3076923077			
oracle	0.2307692308	0	0.0769230769	0.1538461538	0	0	0	0.0769230769	0.1538461538	0	0.3076923077	0	0	0			
outpost	0	0	0.3076923077	0.1538461538	0.1538461538	0	0.1538461538	0.1538461538	0	0.0769230769	0	0	0	0			
palace	0.1818181818	0.1818181818	0.1818181818	0.1363636364	0.1363636364	0	0.0454545455	0	0	0	0.1363636364	0	0	0			
paradise	0	0	0	0	0	0	0	0	0	0	1	0	0	0			
pasture	0	0	0.3333333333	0	0.1111111111	0	0	0.4444444444	0	0	0	0.1111111111	0	0			
peak	0	0	0	0	0	0	0.0909090909	0.3636363636	0	0.0909090909	0.0909090909	0.3636363636	0	0			
pharmacy	0.1428571429	0.1904761905	0.1428571429	0.1904761905	0.0476190476	0	0.0952380952	0	0.0476190476	0	0.1428571429	0	0	0			
pier	0.1	0	0.1	0	0	0.1	0.2	0.1	0	0	0	0	0	0.4			
pigsty	0	0.2666666667	0.2666666667	0	0	0	0.2666666667	0.2	0	0	0	0	0	0			
pit	0.1428571429	0	0	0	0	0	0	0	0.2142857143	0.2857142857	0.0714285714	0	0	0.2857142857			
portal	0.0555555556	0	0.0555555556	0.2222222222	0	0	0	0.2222222222	0.2222222222	0	0.2222222222	0	0	0			
prison	0.1111111111	0.1481481481	0.037037037	0.0740740741	0.037037037	0	0.1481481481	0.1481481481	0.1481481481	0.0740740741	0.0740740741	0	0	0			
pyramid	0.1818181818	0.1818181818	0.1818181818	0.1363636364	0.1363636364	0	0.0454545455	0	0	0	0.1363636364	0	0	0			
rain	0	0.1428571429	0.1428571429	0	0	0	0	0	0	0.1428571429	0	0	0.2857142857	0.2857142857			
rainbow	0	0.2	0.2	0	0	0	0	0	0	0	0.2	0	0.4	0			
reef	0	0	0	0	0	0	0.0714285714	0.2857142857	0	0	0.0714285714	0.2857142857	0	0.2857142857			
ridge	0	0	0	0	0	0	0.0909090909	0.3636363636	0	0.0909090909	0.0909090909	0.3636363636	0	0			
river	0	0	0.0769230769	0	0	0	0.0769230769	0.1538461538	0	0	0.0769230769	0.3076923077	0	0.3076923077			
road	0	0.3636363636	0.0909090909	0	0	0	0	0.3636363636	0.0909090909	0.0909090909	0	0	0	0			
roof	0	0.2857142857	0.2857142857	0	0	0	0.2857142857	0.1428571429	0	0	0	0	0	0			
ruins	0	0	0	0	0	0	0	0.2857142857	0.2857142857	0.2857142857	0.1428571429	0	0	0			
runes	0.0555555556	0	0.0555555556	0.2222222222	0	0	0	0.2222222222	0.2222222222	0	0.2222222222	0	0	0			
saloon	0.1875	0.25	0.25	0	0	0	0.25	0	0	0	0.0625	0	0	0			
savanna	0	0	0	0	0	0	0.1428571429	0.2857142857	0.1428571429	0.0714285714	0.0714285714	0.2857142857	0	0			
scriptorium	0.1428571429	0.1904761905	0.1904761905	0.1904761905	0.1904761905	0	0	0	0.0476190476	0	0.0476190476	0	0	0			
sea	0	0	0	0	0	0	0.0769230769	0.3076923077	0	0	0	0.3076923077	0	0.3076923077			
seashore	0	0	0	0	0	0	0.1428571429	0.1428571429	0	0.1428571429	0	0.2857142857	0	0.2857142857			
settlement	0	0	0.3076923077	0.1538461538	0.1538461538	0	0.1538461538	0.1538461538	0	0.0769230769	0	0	0	0			
sewer	0	0.2857142857	0.2857142857	0.1428571429	0	0	0	0	0.2857142857	0	0	0	0	0			
shadows	0	0.125	0.125	0	0	0	0	0	0.25	0.125	0.125	0	0.25	0			
ship	0.1428571429	0	0	0	0	0.2857142857	0	0	0.1428571429	0.1428571429	0	0	0	0.2857142857			
shipwreck	0	0	0	0	0	0	0	0.2222222222	0.2222222222	0.2222222222	0.1111111111	0	0	0.2222222222			
shipyard	0.0714285714	0.2857142857	0.0714285714	0	0	0.0714285714	0.1428571429	0.0714285714	0	0	0	0	0	0.2857142857			
shop	0	0.25	0.25	0	0	0	0.25	0.125	0	0	0.125	0	0	0			
shrine	0	0	0	0.0588235294	0	0	0	0.2352941176	0.2352941176	0.2352941176	0.2352941176	0	0	0			
silo	0	0.2666666667	0.2666666667	0	0	0	0.2666666667	0.2	0	0	0	0	0	0			
slaughterhouse	0	0.2666666667	0.2666666667	0	0	0	0.2666666667	0.2	0	0	0	0	0	0			
snowfall	0	0.25	0.25	0	0	0	0	0	0	0	0	0	0.5	0			
snowstorm	0	0.1666666667	0.1666666667	0	0	0	0	0	0	0.1666666667	0.1666666667	0	0.3333333333	0			
square	0.125	0	0.5	0	0	0	0.25	0	0	0.125	0	0	0	0			
stable	0	0.2666666667	0.2666666667	0	0	0	0.2666666667	0.2	0	0	0	0	0	0			
stairs	0.125	0	0.5	0	0	0	0.25	0	0	0.125	0	0	0	0			
store	0	0.2857142857	0.2857142857	0	0	0	0.2857142857	0.1428571429	0	0	0	0	0	0			
storm	0	0.125	0.125	0	0	0	0	0	0	0.125	0.125	0	0.25	0.25			
studio	0.125	0.25	0.25	0.125	0.1875	0	0	0	0	0	0.0625	0	0	0			
summit	0	0	0	0	0	0	0.0909090909	0.3636363636	0	0.0909090909	0.0909090909	0.3636363636	0	0			
sunshinne	0	0.25	0.25	0	0	0	0	0	0	0	0	0	0.5	0			
swamp	0	0	0	0.05	0	0	0.05	0.2	0.2	0.05	0.05	0.2	0	0.2			
taproom	0	0.2857142857	0.2857142857	0	0	0	0.2857142857	0.1428571429	0	0	0	0	0	0			
tavern	0	0.2857142857	0.2857142857	0	0	0	0.2857142857	0.1428571429	0	0	0	0	0	0			
tempest	0	0.1666666667	0.1666666667	0	0	0	0	0	0	0.1666666667	0.1666666667	0	0.3333333333	0			
temple	0.0454545455	0.1818181818	0.0454545455	0.1818181818	0	0	0	0.1818181818	0.1818181818	0	0.1818181818	0	0	0			
theater	0.1875	0.25	0.25	0	0	0	0.25	0	0	0	0.0625	0	0	0			
throne_room	0.1818181818	0.1818181818	0.1818181818	0.1363636364	0.1363636364	0	0.0454545455	0	0	0	0.1363636364	0	0	0			
thunderstorm	0	0.125	0.125	0	0	0	0	0	0	0.125	0.125	0	0.25	0.25			
tidal_wave	0	0.125	0.125	0	0	0	0	0	0	0.125	0.125	0	0.25	0.25			
tomb	0	0.1818181818	0.0909090909	0.0909090909	0.0909090909	0	0.0909090909	0.0909090909	0.1818181818	0	0.1818181818	0	0	0			
tornado	0	0.1666666667	0.1666666667	0	0	0	0	0	0	0.1666666667	0.1666666667	0	0.3333333333	0			
tower	0.1875	0.25	0.0625	0.1875	0.0625	0	0	0	0.0625	0	0.1875	0	0	0			
town	0	0	0.3076923077	0.1538461538	0.1538461538	0	0.1538461538	0.1538461538	0	0.0769230769	0	0	0	0			
track	0	0	0.1428571429	0	0	0	0	0.5714285714	0.1428571429	0.1428571429	0	0	0	0			
trap	0	0	0.1428571429	0	0	0	0	0.5714285714	0.1428571429	0.1428571429	0	0	0	0			
tree_top	0	0	0	0	0	0	0.1428571429	0.2857142857	0	0	0	0.5714285714	0	0			
tribunal	0.2142857143	0.2857142857	0.2857142857	0	0.0714285714	0	0.1428571429	0	0	0	0	0	0	0			
typhoon	0	0.125	0.125	0	0	0	0	0	0	0.125	0.125	0	0.25	0.25			
valley	0	0	0	0	0	0	0.0833333333	0.3333333333	0.1666666667	0.0833333333	0	0.3333333333	0	0			
village	0	0	0.3076923077	0.1538461538	0.1538461538	0	0.1538461538	0.1538461538	0	0.0769230769	0	0	0	0			
vineyard	0.1818181818	0	0.1818181818	0	0.0909090909	0	0.0909090909	0.3636363636	0.0909090909	0	0	0	0	0			
volcano	0	0	0	0.0833333333	0	0	0.0833333333	0.3333333333	0.0833333333	0	0.0833333333	0.3333333333	0	0			
wall	0.2727272727	0	0.0909090909	0	0.3636363636	0	0	0	0	0.2727272727	0	0	0	0			
warzone	0	0	0	0	0.0833333333	0	0	0.0833333333	0.1666666667	0.3333333333	0.1666666667	0	0	0.1666666667			
wastelands	0	0	0	0	0.1	0	0	0.1	0.2	0.4	0.2	0	0	0			
watchtower	0.1875	0.25	0.0625	0.1875	0.0625	0	0	0	0.0625	0	0.1875	0	0	0			
water_wheel	0	0	0.3076923077	0.1538461538	0.1538461538	0	0.1538461538	0.1538461538	0	0	0	0	0	0.0769230769			
waterfall	0	0	0.0769230769	0	0	0	0.0769230769	0.1538461538	0	0	0.0769230769	0.3076923077	0	0.3076923077			
well	0	0	0.3076923077	0.1538461538	0.1538461538	0	0.1538461538	0.1538461538	0	0	0	0	0	0.0769230769			
																	
VERB SUBJECT	WARRIOR	MAGE	EXILED	SCHOLASTIC	FOREST	PERFORMER	RURAL	WORKER	GOOD	BAD	WATER	NOBILITY	TROUBLESOME	UNDEAD			
POSSESSION	1	1	0	1	0	1	1	1	0	0	0	1	0.5	0			
INFORMATION	0	0.25	0.25	1	0	0	0	0.25	0	0	0	0.5	0.25	0			
COMBAT	1	0.75	0	0	0.5	0	0	0	0	1	0	0	0.5	1			
CREATION	0	0.5	0.5	1	0	0	0.5	1	0	0	0	0	0	0			
EMOTION	0	0	0.5	0.5	0	1	0	0.5	0	0	0	1	0	0			
																	
SUBJECT OBJECT	JEWELRY	WEAPON	TOOL	METAL	INNOCUOUS	WOODEN	ENVASEMENT	FRUIT	FOOD	TEXTILE	LIQUID	ROCK	BIG_OBJECT	WRITING_TOOL	SCRIPTORIUM	BONE	BODY_PART
WARRIOR	0	1	0	1	0	0.25	0	0.25	0.25	0.25	0.25	0	1	0	0	0.5	0
MAGE	0.25	0	0	0	0	0.25	1	1	1	0.5	1	0.5	0	0.5	0.5	1	0.5
EXILED	0	0	0.5	0	0.5	1	1	0.25	0.25	1	1	0	0	0.5	0.5	1	0.5
SCHOLASTIC	0.5	0	0.5	0	0.5	0.5	0.5	0.25	0.25	1	1	0	0	1	1	1	0.5
FOREST	0	1	1	0	1	1	0	1	1	1	0	0	0	0	0	0.5	0.5
PERFORMER	1	0	1	0	1	0.5	0	1	1	1	0	0	0	1	0.25	0	0
RURAL	0	0	1	0	1	1	0	0.25	0.25	1	0	0	0	0	0	0	0
WORKER	0.25	0.5	1	1	1	1	0	0.25	0.25	1	0	0	0	0.5	0.5	0	0
GOOD	0	0.5	0	0	0	0	0	0.25	0.25	0	0	1	0	0	0	0	0
BAD	0	0.5	0	0	0	0	0	0.25	0.25	0	0	1	0	0	0	1	1
WATER	0	0	0	0	0	0	0	0.25	0.25	0	0	0	0	0	0	0	0
NOBILITY	1	0	0	1	0	0	1	1	1	1	1	1	1	1	1	0	0
TROUBLESOME	1	1	0.25	0	1	0	0.5	0.25	0.25	0.5	0	0	0	0	0	0	0
UNDEAD	0	1	0	0.25	0.5	1	0.25	0	0	0	0	1	0	0	0	1	1
																	
OBJECT ADJECTIVE	JEWELRY	METAL	WOOD	TEXTILE	ROCK	COLORS	ORIGIN_REFERENCE	FLAVOR	INHERENT_PHYSICAL_CHARACTERISTIC	CIRCUMSTANCIAL_PHYSICAL_CHARACTERISTIC	SUPERNATURAL	SUBJECTIVE_VALUE	INHERENTLY_AESTHETIC	CIRCUMSTANCIAL_AESTHETIC	WEAPONRY		
JEWELRY	1	1	0	0	0	0	1	0	0.25	0.25	1	1	0.5	0.5	0		
WEAPON	0.5	1	1	0	0	0	1	0	0.25	0.25	1	0.5	0.5	0.5	1		
TOOL	0	1	1	0	0	0	0	0	0.25	0.25	0	0	0	0.25	0		
METAL	0.25	1	0	0	0	0	1	0	0.25	0.25	0.5	0.5	0.5	0.5	0		
INNOCUOUS	0	0.25	0.25	0	0	0	0	0	0.25	0.25	0	0	0	0	0		
WOODEN	0.25	0	1	0	0	0	1	0	0.25	0.25	0.5	0.5	0.5	0.5	0		
ENVASEMENT	0.5	0.5	0.5	0	0.5	0	1	0.5	0.25	0.25	1	1	0.5	0.5	0		
FRUIT	0	0	0	0	0	0	1	1	0	0	1	1	0	0.25	0		
FOOD	0	0	0	0	0	0	1	1	0	0	1	1	0	0.25	0		
TEXTILE	0	0	0	1	0	0	0	0	0	0	0.5	1	0.25	0.5	0		
LIQUID	0	0	0	0	0	0	1	1	0	0	1	1	0.5	0	0		
ROCK	0	0	0	0	1	0	1	0	0.25	0.25	1	0.5	0.25	0.5	0		
BIG_OBJECT	0	0	1	0	0	0	0	0	0.25	0.25	0	0	0	0.5	0		
WRITING_TOOL	0.5	0.5	0.5	0	0	0	0	0	0	0	0	0.5	0	0	0		
SCRIPTORIUM	0.5	0.5	0.5	0	0	0	0	0	0	0	1	1	0	0.5	0		
BONE	0.5	0	0	0	0	0	1	0	1	0.25	1	0.5	0.25	0.25	0		
BODY_PART	0.5	0.5	0	0	0	0	1	0	0.25	0	1	0.5	0.25	0.5	0		
																	
SUBJECT WILDCARD	WARRIOR	MAGE	EXILED	SCHOLASTIC	FOREST	PERFORMER	RURAL	WORKER	GOOD	BAD	WATER	NOBILITY	TROUBLESOME	UNDEAD
WARRIOR	1	1	0	0	1	0	0	0	0	1	1	0	1	1			
MAGE	1	1	1	1	0	0	0	0	0	0	0.5	0.5	0	1			
EXILED	0	1	1	0	1	0	1	0	1	0	0	0	0	0			
SCHOLASTIC	0	1	0	1	0	1	0	1	0	0	0	1	0	0			
FOREST	1	0	1	0	1	0	1	0	0	0	0	0	0	1			
PERFORMER	0	0	0	1	0	1	0	0	0	0	0	1	0.5	0			
RURAL	0	0	1	0	1	0	1	0	0	0	0	0	0.5	0			
WORKER	0	0	0	1	0	0	0	1	0	0	0	0	0.5	0			
GOOD	0	0	1	0	0	0	0	0	1	1	0	1	0	0			
BAD	1	0	0	0	0	0	0	0	1	1	0	0	0	1			
WATER	0.5	1	0	0	0	0	0	0	0	0	1	1	1	0			
NOBILITY	0	0.5	0	1	0	1	0	0	1	0	1	1	0	0			
TROUBLESOME	1	0	0	0	0	0.5	0.5	0.5	0	0	1	0	1	1			
UNDEAD	1	1	0	0	1	0	0	0	0	1	0	0	1	1			
																	
WILDCARD PLACE	PALATIAL	INDOOR	TOWN	LABORATORY	WORKSHOP	VEHICLE	PUBLIC	COUNTRYSIDE	SHADY	BATTLEFIELD	MAGICAL	GEOGRAPHY	WEATHER	WATER
WARRIOR	0	1	1	0	0	0.25	0.5	0	1	1	1	0	0.25	0			
MAGE	0.5	0	0	1	0	0	0	0	1	1	1	0	1	0			
EXILED	0	0	0	1	0	0	0	1	1	0	1	1	1	0			
SCHOLASTIC	1	1	1	1	1	0	0	0	0	0	1	1	0	0			
FOREST	0	0	0	0	0	0	1	1	1	1	0	1	0	0			
PERFORMER	1	1	1	0	0	0	1	0	0	0	0	0	0	0			
RURAL	0	0	1	0	0	0	1	1	0	0	0	1	0	0			
WORKER	0.5	0.5	1	0.5	1	0.25	1	1	0	0	0	0	0	0			
GOOD	1	0	0	1	0	0	0	1	0	0	1	0	0	0			
BAD	0	0	0	1	0	0	0	1	1	0	1	0	0	0			
WATER	0	0	0	1	0	1	0	1	0	0	1	0	0	1			
NOBILITY	1	1	1	1	1	1	1	0	0	0	1	0	0	0			
TROUBLESOME	0	1	1	0	0	0	1	1	0	0	0	0	0	1			
UNDEAD	0	0	0	1	0	0	0	1	1	1	1	1	1	1			
